2560 2370
2560 2370
2560 2370
2560 2370
2560 2370
2560 2370
2560 2370
2560 2370
2560 2370
2560 2370
2560 2370
2560 2385
2560 2400
2560 2415
2560 2430
2560 2445
2560 2460
2560 2475
2560 2490
2560 2505
2560 2522
2560 2539
2560 2556
2560 2573
2560 2590
2560 2607
2560 2624
2560 2641
2560 2658
2560 2676
2560 2695
2560 2714
2560 2733
2560 2746
2560 2759
2560 2772
2561 2786
2563 2799
2566 2813
2570 2827
2575 2840
2581 2853
2588 2866
2596 2878
2605 2889
2615 2900
2626 2911
2638 2922
2651 2932
2665 2942
2680 2952
2696 2962
2713 2971
2731 2979
2750 2987
2770 2995
2790 3002
2810 2740
2830 2740
2850 2740
2870 2740
2890 2740
2910 2740
2930 2740
2950 2740
2970 2742
2990 2744
3010 2746
3030 2748
3050 2750
3070 2752
3089 2753
3107 2755
3124 2761
3140 2770
3155 2779
3169 2788
3182 2798
3194 2809
3205 2820
3215 2831
3224 2843
3232 2856
3239 2870
3245 2885
3250 2901
3255 2922
3260 2943
3265 2964
3270 2985
3275 3006
3280 3027
3285 3050
3290 3073
3295 3096
3300 3119
3305 3142
3310 3165
3315 3188
3320 3211
3325 3234
3330 3259
3335 3284
3340 3309
3345 3334
3350 3359
3355 3384
3360 3409
3365 3434
3370 3459
3375 3486
3380 3513
3385 3540
3390 3567
3395 3594
3400 3621
3406 3649
3413 3676
3421 3702
3430 3727
3440 3753
3451 3778
3463 3802
3476 3825
3491 3848
3508 3869
3527 3888
3548 3905
3570 3919
3593 3934
3617 3948
3642 3961
3668 3973
3695 3984
3723 3994
3752 4003
3782 4011
3812 4017
3842 4025
3872 4033
3902 4041
3932 4049
3962 4057
3992 4065
4022 4073
4052 4081
4082 4089
4112 4099
4142 4109
4172 4119
4202 4129
4232 4139
4262 4149
4292 4159
4322 4169
4352 4179
4382 4191
4412 4203
4442 4215
4472 4227
4502 4239
4532 4251
4562 4263
4592 4275
4621 4286
4649 4303
4676 4321
4702 4340
4727 4359
4751 4378
4774 4398
4796 4419
4817 4440
4837 4461
4856 4485
4874 4509
4891 4533
4907 4558
4922 4584
4937 4615
4952 4646
4967 4677
4982 4708
4997 4741
5012 4774
5027 4807
5042 4840
5057 4873
5072 4906
5087 4939
5102 4972
5117 5005
5132 5040
5147 5075
5162 5110
5177 5145
5192 5180
5207 5215
5222 5250
5237 5285
5252 5320
5267 5357
5282 5394
5297 5431
5312 5468
5327 5505
5342 5542
5357 5579
5373 5617
5390 5654
5408 5692
5427 5729
5447 5765
5468 5800
5491 5847
5516 5892
5543 5934
5572 5975
5603 6015
5636 6054
5671 6094
5708 6133
5747 6171
2560 2370
2560 2370
2560 2370
2560 2370
2560 2370
2560 2370
2560 2370
2560 2370
2560 2370
2560 2370
2560 2370
2560 2385
2560 2400
2560 2415
2560 2430
2560 2445
2560 2460
2560 2475
2560 2490
2560 2505
2560 2522
2560 2539
2560 2556
2560 2573
2560 2590
2560 2607
2560 2624
2560 2641
2560 2658
2560 2676
2560 2695
2560 2714
2560 2733
2560 2746
2560 2759
2560 2772
2561 2786
2563 2799
2566 2813
2570 2827
2575 2840
2581 2853
2588 2866
2596 2878
2605 2889
2615 2900
2626 2911
2638 2922
2651 2932
2665 2942
2680 2952
2696 2962
2713 2971
2731 2979
2750 2987
2770 2995
2790 3002
2810 2740
2830 2740
2850 2740
2870 2740
2890 2740
2910 2740
2930 2740
2950 2740
2970 2742
2990 2744
3010 2746
3030 2748
3050 2750
3070 2752
3089 2753
3107 2755
3124 2761
3140 2770
3155 2779
3169 2788
3182 2798
3194 2809
3205 2820
3215 2831
3224 2843
3232 2856
3239 2870
3245 2885
3250 2901
3255 2922
3260 2943
3265 2964
3270 2985
3275 3006
3280 3027
3285 3050
3290 3073
3295 3096
3300 3119
3305 3142
3310 3165
3315 3188
3320 3211
3325 3234
3330 3259
3335 3284
3340 3309
3345 3334
3350 3359
2560 2370
2560 2370
2560 2370
2560 2370
2560 2370
2560 2370
2560 2370
2560 2370
2560 2370
2560 2370
2560 2370
2560 2385
2560 2400
2560 2415
2560 2430
2560 2445
2560 2460
2560 2475
2560 2490
2560 2505
2560 2522
2560 2539
2560 2556
2560 2573
2560 2590
2560 2607
2560 2624
2560 2641
2560 2658
2560 2676
2560 2695
2560 2714
2560 2733
2560 2746
2560 2759
2560 2772
2561 2786
2563 2799
2566 2813
2570 2827
2575 2840
2581 2853
2588 2866
2596 2878
2605 2889
2615 2900
2626 2911
2638 2922
2651 2932
2665 2942
2680 2952
2696 2962
2713 2971
2731 2979
2750 2987
2770 2995
2790 3002
2810 2740
2830 2740
2850 2740
2870 2740
2890 2740
2910 2740
2930 2740
2950 2740
2970 2742
2990 2744
3010 2746
3030 2748
3050 2750
3070 2752
3089 2753
3107 2755
3124 2761
3140 2770
3155 2779
3169 2788
3182 2798
3194 2809
3205 2820
3215 2831
3224 2843
3232 2856
3239 2870
3245 2885
3250 2901
3255 2922
3260 2943
3265 2964
3270 2985
3275 3006
3280 3027
3285 3050
3290 3073
3295 3096
3300 3119
3305 3142
3310 3165
3315 3188
3320 3211
3325 3234
3330 3259
3335 3284
3340 3309
3345 3334
3350 3359
3355 3384
3360 3409
3365 3434
3370 3459
3375 3486
3380 3513
3385 3540
3390 3567
3395 3594
3400 3621
3406 3649
3413 3676
3421 3702
3430 3727
3440 3753
3451 3778
3463 3802
3476 3825
3491 3848
3508 3869
3527 3888
3548 3905
3570 3919
3593 3934
3617 3948
3642 3961
3668 3973
3695 3984
3723 3994
3752 4003
3782 4011
3812 4017
3842 4025
3872 4033
3902 4041
2560 2370
2560 2370
2560 2370
2560 2370
2560 2370
2560 2370
2560 2370
2560 2370
2560 2370
2560 2370
2560 2370
2560 2392
2560 2414
2560 2436
2560 2458
2560 2480
2560 2502
2560 2524
2560 2546
2560 2568
2560 2592
2560 2616
2560 2640
2560 2664
2560 2688
2560 2712
2560 2736
2560 2760
2560 2784
2561 2810
2563 2836
2566 2855
2570 2874
2560 2370
2560 2370
2560 2370
2560 2370
2560 2370
2560 2370
2560 2370
2560 2370
2560 2370
2560 2370
2560 2370
2560 2392
2560 2414
2560 2436
2560 2458
2560 2480
2560 2502
2560 2524
2560 2546
2560 2568
2560 2592
2560 2616
2560 2640
2560 2664
2560 2688
2560 2712
2560 2736
2560 2760
2560 2784
2561 2810
2563 2836
2566 2855
2570 2874
2575 2893
2581 2911
2588 2928
2596 2945
2606 2963
2618 2980
2632 2997
2648 3013
2666 3028
2686 3042
2707 3054
2729 3065
2752 3076
2776 3087
2801 3098
2827 3103
2854 3107
2882 3111
2910 3113
2938 3115
2966 3117
2994 3119
3022 3121
3050 3124
3078 3127
3106 3130
3134 3133
3162 3137
3190 3141
3218 3145
3246 3149
3274 3153
3302 3158
3330 3163
3358 3168
3386 3173
3414 3178
3442 3184
3470 3190
3498 3201
3526 3213
3554 3225
3581 3236
3607 3247
3632 3259
3656 3272
3679 3285
3701 3299
3722 3314
3742 3330
3761 3346
3779 3345
3796 3345
3812 3345
3827 3345
3841 3346
3854 3348
3866 3352
3877 3357
3887 3364
3896 3372
3904 3381
3911 3392
3917 3404
3922 3417
3926 3432
3929 3449
3931 3468
3932 3489
3932 3512
3931 3537
3929 3563
3926 3590
3923 3620
3920 3651
3917 3683
3914 3716
3911 3752
3908 3753
3905 3792
3902 3722
3899 3763
3896 3805
3893 3848
3890 3561
3887 3629
3884 3699
3881 3774
3878 3837
3875 3901
3872 3966
3869 4031
3867 4097
3866 4163
3867 4230
3870 4295
3875 4342
3883 4388
3894 4423
3908 4450
3925 4472
3945 4496
3968 4521
3994 4547
4023 4575
4055 4605
4090 4637
4128 4670
4169 4696
4213 4716
4259 4724
4307 4730
4357 4734
4408 4735
4460 4737
4513 4738
4566 4737
4619 4736
4672 4735
4725 4734
4778 4733
4831 4732
4884 4731
4937 4732
4990 4733
5043 4734
5095 4734
5146 4735
5196 4737
5245 4752
5293 4767
5342 5271
5391 5291
5440 5311
2560 2370
2560 2370
2560 2370
2560 2370
2560 2370
2560 2370
2560 2370
2560 2370
2560 2370
2560 2370
2560 2370
2560 2392
2560 2414
2560 2436
2560 2458
2560 2480
2560 2502
2560 2370
2560 2370
2560 2370
2560 2370
2560 2370
2560 2370
2560 2370
2560 2370
2560 2370
2560 2370
2560 2370
2560 2392
2560 2414
2560 2436
2560 2458
2560 2480
2560 2502
2560 2524
2560 2546
2560 2568
2560 2592
2560 2616
2560 2640
2560 2664
2560 2688
2560 2712
2560 2736
2560 2760
2560 2784
2561 2810
2563 2836
2566 2855
2570 2874
2575 2893
2581 2911
2560 2370
2560 2370
2560 2370
2560 2370
2560 2370
2560 2370
2560 2370
2560 2370
2560 2370
2560 2370
2560 2370
2560 2392
2560 2414
2560 2436
2560 2458
2560 2480
2560 2502
2560 2524
2560 2546
2560 2568
2560 2592
2560 2616
2560 2640
2560 2664
2560 2688
2560 2712
2560 2736
2560 2760
2560 2784
2561 2810
2563 2836
2566 2855
2570 2874
2575 2893
2581 2911
2588 2928
2596 2945
2606 2963
2618 2980
2632 2997
2648 3013
2666 3028
2686 3042
2707 3054
2729 3065
2752 3076
2776 3087
2801 3098
2827 3103
2854 3107
2882 3111
2910 3113
2938 3115
2966 3117
2994 3119
3022 3121
3050 3124
3078 3127
3106 3130
3134 3133
3162 3137
3190 3141
3218 3145
3246 3149
3274 3153
3302 3158
3330 3163
3358 3168
3386 3173
3414 3178
3442 3184
3470 3190
3498 3201
3526 3213
3554 3225
3581 3236
3607 3247
3632 3259
3656 3272
3679 3285
3701 3299
3722 3314
3742 3330
3761 3346
3779 3363
3796 3381
3812 3399
3827 3417
3841 3436
3854 3456
3866 3477
3877 3498
3887 3521
3896 3544
3904 3567
3912 3592
3920 3617
3928 3648
3936 3679
3944 3710
3952 3742
3960 3775
3968 3808
3976 3841
3984 3874
3992 3907
4000 3940
4008 3973
4016 4006
4024 4039
4032 4074
4040 4109
4048 4144
4056 4179
4064 4214
4072 4249
4080 4284
4089 4320
4099 4355
4110 4389
4122 4424
4135 4458
4149 4491
4165 4524
4183 4552
4203 4589
4225 4625
4249 4659
4275 4691
4303 4723
4333 4755
4365 4785
4399 4813
4435 4840
4473 4866
4513 4890
4555 4912
4598 4932
4642 4952
4687 4971
4733 4990
4780 5008
4827 5024
4874 5040
4921 5043
4968 5046
5015 5049
5062 5052
5109 5056
5156 5059
2560 2370
2560 2370
2560 2370
2560 2370
2560 2370
2560 2370
2560 2370
2560 2370
2560 2370
2560 2370
2560 2370
2560 2392
2560 2414
2560 2436
2560 2458
2560 2480
2560 2502
2560 2524
2560 2546
2560 2568
2560 2590
2560 2612
2560 2634
2560 2656
2560 2678
2560 2700
2560 2722
2560 2744
2560 2766
2561 2789
2563 2811
2566 2832
2570 2852
2575 2867
2581 2882
2588 2897
2596 2911
2605 2924
2615 2937
2626 2950
2638 2962
2651 2973
2665 2984
2680 2995
2696 3005
2713 3014
2731 3023
2750 3032
2770 3036
2791 3039
2813 3041
2835 3041
2857 3041
2879 3041
2901 3041
2923 3041
2945 3041
2967 3041
2989 3041
3011 3041
3033 3041
3055 3041
3077 3041
3099 3041
3121 3041
3143 3041
3165 3041
3187 3041
3209 3041
3231 3041
3253 3041
3275 3041
3297 3041
3319 3046
3341 3052
3363 3057
3385 3063
3406 3067
3426 3072
3445 3078
3463 3084
3480 3090
3496 3097
3511 3105
3525 3113
3538 3121
3550 3130
3561 3140
3571 3150
3580 3160
3588 3171
3595 3183
3601 3195
3606 3207
3610 3220
3613 3234
3615 3248
3616 3262
3616 3277
3616 3294
3616 3310
3616 3328
3616 3346
3616 3370
3616 3394
3616 3418
3616 3442
3616 3466
3616 3490
3616 3514
3616 3538
3616 3562
3616 3586
3616 3610
3616 3634
3616 3658
3616 3682
3616 3706
3616 3730
3616 3754
3616 3778
3616 3802
3616 3826
3617 3851
3619 3875
3622 3898
3626 3920
3631 3937
3637 3954
2560 2370
2560 2370
2560 2370
2560 2370
2560 2370
2560 2370
2560 2370
2560 2370
2560 2370
2560 2370
2560 2370
2560 2392
2560 2414
2560 2436
2560 2458
2560 2480
2560 2502
2560 2524
2560 2546
2560 2568
2560 2590
2560 2612
2560 2634
2560 2656
2560 2678
2560 2700
2560 2722
2560 2744
2560 2766
2561 2789
2563 2811
2566 2832
2570 2852
2575 2867
2581 2882
2588 2897
2596 2911
2605 2924
2615 2937
2626 2950
2638 2962
2651 2973
2665 2984
2680 2995
2696 3005
2713 3014
2731 3023
2750 3032
2770 3036
2791 3039
2813 3041
2835 3041
2857 3041
2879 3041
2901 3041
2923 3041
2945 3041
2967 3041
2989 3041
3011 3041
3033 3041
3055 3041
3077 3041
3099 3041
3121 3041
3143 3041
3165 3041
3187 3041
3209 3041
3231 3041
3253 3041
3275 3041
3297 3041
3319 3046
3341 3052
3363 3057
3385 3063
3406 3067
3426 3072
3445 3078
3463 3084
3480 3090
3496 3097
3511 3105
3525 3113
3538 3121
3550 3130
3561 3140
3571 3150
3580 3160
3588 3171
3595 3183
3601 3195
3606 3207
3610 3220
3613 3234
3615 3248
3616 3262
3616 3277
3616 3294
3616 3310
3616 3328
3616 3346
3616 3370
3616 3394
3616 3418
3616 3442
3616 3466
3616 3490
3616 3514
3616 3538
3616 3562
3616 3586
3616 3610
3616 3634
3616 3658
3616 3682
3616 3706
3616 3730
3616 3754
3616 3778
3616 3802
3616 3826
3617 3851
3619 3875
3622 3898
3626 3920
3631 3937
3637 3954
3644 3970
3652 3985
3661 4000
3671 4015
3682 4029
3694 4042
3707 4055
3721 4068
3736 4080
3752 4091
3769 4102
3787 4113
3806 4123
3826 4132
3847 4141
3869 4145
3892 4151
3916 4162
3941 4172
3966 4180
3991 4188
4016 4196
4041 4204
4066 4212
4091 4220
4116 4228
4141 4236
4166 4244
4191 4252
4216 4260
4241 4268
4266 4276
4291 4284
4316 4292
4341 4300
4366 4308
2560 2370
2560 2370
2560 2370
2560 2370
2560 2370
2560 2370
2560 2370
2560 2370
2560 2370
2560 2370
2560 2370
2560 2392
2560 2414
2560 2436
2560 2458
2560 2480
2560 2502
2560 2524
2560 2546
2560 2568
2560 2590
2560 2612
2560 2634
2560 2656
2560 2678
2560 2700
2560 2722
2560 2744
2560 2766
2561 2789
2563 2811
2566 2832
2570 2852
2575 2867
2581 2882
2588 2897
2596 2911
2605 2924
2615 2937
2626 2950
2638 2962
2651 2973
2665 2984
2680 2995
2696 3005
2713 3014
2731 3023
2750 3032
2770 3036
2791 3039
2813 3041
2835 3041
2857 3041
2879 3041
2901 3041
2923 3041
2945 3041
2967 3041
2989 3041
3011 3041
3033 3041
3055 3041
3077 3041
3099 3041
3121 3041
3143 3041
3165 3041
3187 3041
3209 3041
3231 3041
3253 3041
3275 3041
3297 3041
3319 3046
3341 3052
3363 3057
3385 3063
3406 3067
3426 3072
3445 3078
3463 3084
3480 3090
3496 3097
3511 3105
3525 3113
3538 3121
3550 3130
3561 3140
3571 3150
3580 3160
3588 3171
3595 3183
3601 3195
3606 3207
3610 3220
3613 3234
3615 3248
3616 3262
3616 3277
3616 3294
3616 3310
3616 3328
3616 3346
3616 3370
3616 3394
3616 3418
3616 3442
3616 3466
3616 3490
3616 3514
3616 3538
3616 3562
3616 3586
3616 3610
3616 3634
3616 3658
3616 3682
3616 3706
3616 3730
3616 3754
3616 3778
3616 3802
3616 3826
3617 3851
3619 3875
3622 3898
3626 3920
3631 3937
3637 3954
3644 3970
3652 3985
3661 4000
3671 4015
3682 4029
3694 4042
3707 4055
3721 4068
3736 4080
3752 4091
3769 4102
3787 4113
3806 4123
3826 4132
3847 4141
3869 4145
3892 4151
3916 4162
3941 4172
3966 4180
3991 4188
4016 4196
4041 4204
4066 4212
4091 4220
4116 4228
4141 4236
4166 4244
4191 4252
4216 4260
4241 4268
4266 4276
4291 4284
4316 4292
4341 4300
4366 4308
4391 4316
2560 2370
2560 2370
2560 2370
2560 2370
2560 2370
2560 2370
2560 2370
2560 2370
2560 2370
2560 2370
2560 2370
2560 2380
2560 2390
2560 2400
2560 2410
2560 2420
2560 2430
2560 2440
2560 2450
2560 2460
2560 2470
2560 2480
2560 2490
2560 2500
2560 2510
2560 2520
2560 2530
2560 2540
2560 2550
2560 2560
2560 2570
2560 2580
2560 2590
2560 2600
2560 2610
2560 2620
2560 2630
2560 2640
2560 2650
2560 2660
2560 2670
2560 2680
2560 2690
2560 2700
2560 2710
2560 2720
2560 2730
2560 2740
2560 2750
2560 2760
2560 2770
2560 2780
2561 2791
2563 2801
2566 2810
2570 2818
2575 2825
2581 2831
2588 2836
2596 2840
2605 2843
2615 2845
2625 2845
2635 2845
2645 2845
2655 2845
2665 2845
2675 2845
2685 2845
2695 2845
2705 2845
2715 2845
2725 2845
2735 2845
2745 2845
2755 2845
2765 2845
2775 2845
2785 2845
2795 2845
2805 2845
2815 2845
2825 2845
2835 2845
2845 2845
2855 2845
2865 2845
2875 2845
2885 2845
2895 2845
2905 2845
2915 2845
2925 2845
2935 2845
2945 2845
2955 2845
2965 2845
2975 2845
2985 2845
2995 2845
3005 2845
3015 2847
3025 2849
3035 2851
3045 2853
3055 2855
3065 2857
3075 2859
3085 2861
3095 2863
3105 2865
3115 2867
3125 2869
3135 2871
3145 2875
3155 2879
3165 2883
3175 2887
3185 2891
3195 2895
3205 2899
3215 2903
3225 2907
3235 2911
3245 2915
3254 2918
3262 2921
3269 2925
3275 2930
3280 2935
3284 2940
3287 2946
3289 2953
3291 2961
3293 2969
3295 2977
3297 2985
3299 2993
3301 3001
3303 3009
3305 3017
3307 3025
3309 3033
3311 3041
3313 3049
3315 3059
3317 3069
3319 3079
3321 3089
3323 3099
3325 3109
3327 3119
3329 3129
3331 3139
3333 3149
3335 3159
3337 3169
3339 3179
3341 3189
3343 3199
3345 3174
3347 3189
3349 3204
3351 3219
3353 3234
3355 3249
3357 3264
3359 3279
3361 3289
3363 3299
3365 3309
3367 3319
3369 3329
3371 3339
3373 3349
3375 3359
3377 3369
3379 3379
3381 3389
3383 3399
3385 3409
3387 3419
3389 3429
3391 3439
3393 3449
3395 3459
3397 3469
3399 3479
2560 2370
2560 2370
2560 2370
2560 2370
2560 2370
2560 2370
2560 2370
2560 2370
2560 2370
2560 2370
2560 2370
2560 2380
2560 2390
2560 2400
2560 2410
2560 2420
2560 2430
2560 2440
2560 2450
2560 2460
2560 2470
2560 2480
2560 2490
2560 2500
2560 2510
2560 2520
2560 2530
2560 2540
2560 2550
2560 2560
2560 2570
2560 2580
2560 2590
2560 2600
2560 2610
2560 2620
2560 2630
2560 2640
2560 2650
2560 2660
2560 2670
2560 2680
2560 2690
2560 2700
2560 2710
2560 2720
2560 2730
2560 2740
2560 2750
2560 2760
2560 2770
2560 2780
2561 2791
2563 2801
2566 2810
2570 2818
2575 2825
2581 2831
2588 2836
2596 2840
2605 2843
2615 2845
2625 2845
2635 2845
2645 2845
2655 2845
2665 2845
2675 2845
2685 2845
2695 2845
2705 2845
2715 2845
2725 2845
2735 2845
2745 2845
2755 2845
2765 2845
2775 2845
2785 2845
2795 2845
2805 2845
2815 2845
2825 2845
2835 2845
2845 2845
2855 2845
2865 2845
2875 2845
2885 2845
2895 2845
2905 2845
2915 2845
2925 2845
2935 2845
2945 2845
2955 2845
2965 2845
2975 2845
2985 2845
2995 2845
3005 2845
3015 2847
3025 2849
3035 2851
3045 2853
3055 2855
3065 2857
3075 2859
3085 2861
3095 2863
3105 2865
3115 2867
3125 2869
3135 2871
3145 2875
3155 2879
3165 2883
3175 2887
3185 2891
3195 2895
3205 2899
3215 2903
3225 2907
3235 2911
3245 2915
3254 2918
3262 2921
3269 2925
3275 2930
3280 2935
3284 2940
3287 2946
3289 2953
3291 2961
3293 2969
3295 2977
3297 2985
3299 2993
3301 3001
3303 3009
3305 3017
3307 3025
3309 3033
3311 3041
3313 3049
3315 3059
3317 3069
3319 3079
3321 3089
3323 3099
3325 3109
3327 3119
3329 3129
3331 3139
3333 3149
3335 3159
3337 3169
3339 3179
3341 3189
3343 3199
3345 3174
3347 3189
3349 3204
3351 3219
3353 3234
3355 3249
3357 3264
3359 3279
3361 3289
3363 3299
3365 3309
3367 3319
3369 3329
3371 3339
3373 3349
3375 3359
3377 3369
3379 3379
3381 3389
3383 3399
3385 3409
3387 3419
3389 3429
3391 3439
3393 3449
3395 3459
3397 3469
3399 3479
3401 3489
3403 3499
3405 3509
3407 3519
3409 3531
3411 3543
3413 3555
3415 3567
3417 3579
3419 3591
3421 3603
3423 3615
3425 3627
3427 3639
3429 3651
3432 3664
3436 3676
3441 3687
3447 3697
3454 3706
3462 3714
3471 3721
3481 3727
3492 3732
3504 3736
3516 3738
3528 3740
3540 3742
3552 3744
3564 3746
3576 3748
3588 3750
3600 3752
3612 3754
3624 3756
3636 3758
3648 3760
3660 3762
3672 3764
3684 3766
3696 3768
3708 3770
3720 3772
3732 3774
3744 3776
3756 3778
3768 3780
3780 3782
3792 3784
3804 3786
3816 3788
3828 3790
3840 3792
3852 3794
3864 3796
3876 3798
3888 3800
3900 3802
3912 3804
3924 3806
3936 3808
3948 3810
3960 3812
3972 3814
3984 3816
3996 3818
4008 3825
4020 3832
4032 3839
4044 3846
4056 3853
4068 3860
4080 3867
4092 3874
4104 3883
4116 3893
4128 3902
4140 3912
4152 3921
4164 3931
4176 3940
4188 3950
4200 3959
4212 3969
4224 3978
4236 3988
4248 3997
4260 4007
4272 4016
4284 4026
4296 4035
4308 4045
4320 4054
4332 4064
4344 4073
4356 4084
2560 2370
2560 2370
2560 2370
2560 2370
2560 2370
2560 2370
2560 2370
2560 2370
2560 2370
2560 2370
2560 2370
2560 2380
2560 2390
2560 2400
2560 2410
2560 2420
2560 2430
2560 2440
2560 2450
2560 2460
2560 2470
2560 2480
2560 2490
2560 2500
2560 2510
2560 2520
2560 2530
2560 2540
2560 2550
2560 2560
2560 2570
2560 2580
2560 2590
2560 2600
2560 2610
2560 2620
2560 2630
2560 2640
2560 2650
2560 2660
2560 2670
2560 2680
2560 2690
2560 2700
2560 2710
2560 2720
2560 2730
2560 2740
2560 2750
2560 2760
2560 2770
2560 2780
2561 2791
2563 2801
2566 2810
2570 2818
2575 2825
2581 2831
2588 2836
2596 2840
2605 2843
2615 2845
2625 2845
2635 2845
2645 2845
2655 2845
2665 2845
2675 2845
2685 2845
2695 2845
2705 2845
2715 2845
2725 2845
2735 2845
2745 2845
2755 2845
2765 2845
2775 2845
2785 2845
2795 2845
2805 2845
2815 2845
2825 2845
2835 2845
2845 2845
2855 2845
2865 2845
2875 2845
2885 2845
2895 2845
2905 2845
2915 2845
2925 2845
2935 2845
2945 2845
2955 2845
2965 2845
2975 2845
2985 2845
2995 2845
3005 2845
3015 2847
3025 2849
3035 2851
3045 2853
3055 2855
3065 2857
3075 2859
3085 2861
3095 2863
3105 2865
3115 2867
3125 2869
3135 2871
3145 2875
3155 2879
3165 2883
3175 2887
3185 2891
3195 2895
3205 2899
3215 2903
3225 2907
3235 2911
3245 2915
3254 2918
3262 2921
3269 2925
3275 2930
3280 2935
3284 2940
3287 2946
3289 2953
3291 2961
3293 2969
3295 2977
3297 2985
3299 2993
3301 3001
3303 3009
3305 3017
3307 3025
3309 3033
3311 3041
3313 3049
3315 3059
3317 3069
3319 3079
3321 3089
3323 3099
3325 3109
3327 3119
3329 3129
3331 3139
3333 3149
3335 3159
3337 3169
3339 3179
3341 3189
3343 3199
3345 3174
3347 3189
3349 3204
3351 3219
3353 3234
3355 3249
3357 3264
3359 3279
3361 3289
3363 3299
3365 3309
3367 3319
3369 3329
3371 3339
3373 3349
3375 3359
3377 3369
3379 3379
3381 3389
3383 3399
3385 3409
3387 3419
3389 3429
3391 3439
3393 3449
3395 3459
3397 3469
3399 3479
3401 3489
3403 3499
3405 3509
3407 3519
3409 3531
3411 3543
3413 3555
3415 3567
3417 3579
3419 3591
3421 3603
3423 3615
3425 3627
3427 3639
3429 3651
3432 3664
3436 3676
3441 3687
3447 3697
3454 3706
3462 3714
3471 3721
3481 3727
3492 3732
3504 3736
3516 3738
3528 3740
3540 3742
3552 3744
3564 3746
3576 3748
3588 3750
3600 3752
3612 3754
3624 3756
3636 3758
3648 3760
3660 3762
3672 3764
3684 3766
3696 3768
3708 3770
2560 2370
2560 2370
2560 2370
2560 2370
2560 2370
2560 2370
2560 2370
2560 2370
2560 2370
2560 2370
2560 2370
2560 2380
2560 2390
2560 2400
2560 2410
2560 2420
2560 2430
2560 2440
2560 2450
2560 2460
2560 2470
2560 2480
2560 2490
2560 2500
2560 2510
2560 2520
2560 2530
2560 2540
2560 2550
2560 2560
2560 2570
2560 2580
2560 2590
2560 2600
2560 2610
2560 2620
2560 2630
2560 2640
2560 2650
2560 2660
2560 2670
2560 2680
2560 2690
2560 2700
2560 2710
2560 2720
2560 2730
2560 2740
2560 2750
2560 2760
2560 2770
2560 2780
2561 2791
2563 2801
2566 2810
2570 2818
2575 2825
2581 2831
2588 2836
2596 2840
2605 2843
2615 2845
2625 2845
2635 2845
2645 2845
2655 2845
2665 2845
2675 2845
2685 2845
2695 2845
2705 2845
2715 2845
2725 2845
2735 2845
2745 2845
2755 2845
2765 2845
2775 2845
2785 2845
2795 2845
2805 2845
2815 2845
2825 2845
2835 2845
2845 2845
2855 2845
2865 2845
2875 2845
2885 2845
2895 2845
2905 2845
2915 2845
2925 2845
2935 2845
2945 2845
2955 2845
2965 2845
2975 2845
2985 2845
2995 2845
3005 2845
3015 2847
3025 2849
3035 2851
3045 2853
3055 2855
3065 2857
3075 2859
3085 2861
3095 2863
3105 2865
3115 2867
3125 2869
3135 2871
3145 2875
3155 2879
3165 2883
3175 2887
3185 2891
3195 2895
3205 2899
3215 2903
3225 2907
3235 2911
3245 2915
3254 2918
3262 2921
3269 2925
3275 2930
3280 2935
3284 2940
3287 2946
3289 2953
3291 2961
3293 2969
3295 2977
3297 2985
3299 2993
3301 3001
3303 3009
3305 3017
3307 3025
3309 3033
3311 3041
3313 3049
3315 3059
3317 3069
3319 3079
3321 3089
3323 3099
3325 3109
3327 3119
3329 3129
3331 3139
3333 3149
3335 3159
3337 3169
3339 3179
3341 3189
3343 3199
3345 3174
3347 3189
3349 3204
3351 3219
3353 3234
3355 3249
3357 3264
3359 3279
3361 3289
3363 3299
3365 3309
3367 3319
3369 3329
3371 3339
3373 3349
3375 3359
3377 3369
3379 3379
3381 3389
3383 3399
3385 3409
3387 3419
3389 3429
3391 3439
3393 3449
3395 3459
3397 3469
3399 3479
3401 3489
3403 3499
3405 3509
3407 3519
3409 3531
3411 3543
3413 3555
3415 3567
3417 3579
3419 3591
3421 3603
3423 3615
3425 3627
3427 3639
3429 3651
3432 3664
3436 3676
3441 3687
3447 3697
3454 3706
3462 3714
3471 3721
3481 3727
3492 3732
3504 3736
3516 3738
3528 3740
3540 3742
3552 3744
3564 3746
3576 3748
3588 3750
3600 3752
3612 3754
3624 3756
3636 3758
3648 3760
3660 3762
3672 3764
3684 3766
3696 3768
3708 3770
3720 3772
3732 3774
3744 3776
3756 3778
3768 3780
3780 3782
3792 3784
3804 3786
3816 3788
3828 3790
3840 3792
3852 3794
3864 3796
3876 3798
3888 3800
3900 3802
3912 3804
3924 3806
3936 3808
3948 3810
3960 3812
3972 3814
3984 3816
3996 3818
4008 3825
4020 3832
4032 3839
4044 3846
4056 3853
4068 3860
4080 3867
4092 3874
4104 3883
4116 3893
4128 3902
4140 3912
4152 3921
4164 3931
4176 3940
4188 3950
4200 3959
4212 3969
4224 3978
4236 3988
4248 3997
4260 4007
4272 4016
4284 4026
4296 4035
4308 4045
4320 4054
4332 4064
4344 4073
4356 4084
4368 4095
4380 4106
4392 4117
4404 4128
4416 4139
4428 4150
4440 4161
4452 4172
4464 4183
4476 4194
4488 4205
4500 4216
4512 4227
4524 4238
4536 4249
4548 4260
4560 4271
4572 4282
4584 4293
4596 4304
4608 4315
4620 4326
4632 4337
4644 4348
4656 4359
4668 4385
4680 4396
4692 4407
4704 4418
4716 4429
4728 4440
4740 4451
4752 4462
4764 4473
4776 4484
4788 4495
4800 4506
4812 4517
4824 4528
4836 4539
4848 4550
4860 4561
4872 4572
4884 4583
4896 4594
4908 4605
4920 4616
4932 4627
4944 4638
4956 4649
4968 4660
4980 4671
4992 4682
5004 4693
5016 4704
5028 4715
5040 4726
5052 4737
5064 4748
5076 4759
5088 4770
5100 4781
5112 4792
5124 4803
5136 4814
5148 4825
5160 4836
5172 4847
5184 4858
5196 4869
5208 4880
5220 4891
5232 4902
5244 4913
5256 4924
5268 4935
5279 4945
5289 4955
5299 4967
5309 4979
5319 4991
5329 5003
5339 5015
5349 5027
5359 5039
5369 5051
5379 5063
5389 5075
5399 5087
5409 5099
5419 5113
5429 5126
5439 5140
5449 5153
5459 5167
5469 5180
5479 5194
5489 5207
5499 5221
5509 5234
5519 5248
5529 5261
5539 5275
5549 5288
5559 5302
5569 5315
5579 5329
5589 5342
5599 5356
5609 5369
5619 5383
5626 4744
5631 4750
5634 4755
5635 4759
5634 4762
5631 4764
5626 4765
5619 4765
5610 4778
5599 4794
5586 4811
5571 4829
5554 4848
5535 4868
5515 4889
5494 4912
5472 4935
5449 4958
5425 4982
5400 5007
5374 5032
5348 5058
5322 5102
5296 5132
5270 5176
5244 5220
5218 5264
5192 5308
5166 5352
5141 5397
5117 5441
5095 5468
5075 5495
5057 5520
5042 5546
5030 5570
5021 5592
5015 5613
5013 5634
5015 5649
5021 5659
5031 5670
5045 5684
5063 5699
5085 5715
5111 5721
5140 5725
5172 5727
5207 5727
5245 5726
5285 5723
5327 5718
5370 5712
5414 5705
5458 5679
5502 5653
5546 5627
5590 5601
5634 5575
5678 5549
5722 5523
5766 5497
5810 5488
5853 5479
5895 5470
5936 5461
5976 5453
6015 5446
6053 5439
6090 5433
6125 5427
6158 5423
6189 5419
6218 5417
6245 5415
6270 5415
6293 5422
6314 5437
6333 5450
6350 5463
6365 5474
6378 5485
6389 5494
6398 5503
6405 5510
6410 5517
6413 5522
6414 5527
6413 5530
6410 5533
6405 5534
6398 5548
6389 5565
6378 5582
6365 5601
6350 5620
6333 5641
6315 5663
6296 5686
6276 5709
6255 5733
6233 5758
6210 5783
6186 5808
6162 5835
6138 5862
6114 5906
6090 5950
6066 5994
6042 6038
6018 6082
5994 6126
5970 6170
5947 6215
5925 6243
5905 6271
5887 6298
5871 6324
5858 6350
5848 6374
5841 6397
5837 6419
5837 6440
5841 6459
5849 6476
5861 6490
5877 6504
5897 6515
5921 6524
5948 6530
5978 6534
6011 6537
6047 6539
6085 6538
6125 6536
6167 6533
6210 6528
6254 6506
6298 6482
2560 2370
2560 2370
2560 2370
2560 2370
2560 2370
2560 2370
2560 2370
2560 2370
2560 2370
2560 2370
2560 2370
2560 2380
2560 2390
2560 2400
2560 2410
2560 2420
2560 2430
2560 2440
2560 2450
2560 2460
2560 2470
2560 2480
2560 2490
2560 2500
2560 2510
2560 2520
2560 2530
2560 2540
2560 2550
2560 2560
2560 2570
2560 2580
2560 2590
2560 2600
2560 2610
2560 2620
2560 2630
2560 2640
2560 2650
2560 2660
2560 2670
2560 2680
2560 2690
2560 2700
2560 2710
2560 2720
2560 2730
2560 2740
2560 2750
2560 2760
2560 2770
2560 2780
2560 2790
2560 2799
2560 2807
2560 2814
2560 2820
2560 2825
2560 2829
2560 2832
2560 2835
2560 2838
2560 2841
2560 2843
2560 2844
2560 2845
2560 2846
2560 2846
2560 2845
2560 2844
2560 2843
2560 2841
2560 2838
2560 2835
2560 2832
2560 2828
2560 2823
2560 2818
2560 2813
2560 2807
2560 2800
2560 2793
2560 2786
2560 2778
2560 2493
2560 2472
2560 2451
2560 2430
2560 2409
2560 2388
2560 2367
2560 2346
2560 2325
2560 2304
2560 2285
2560 2266
2560 2247
2560 2228
2560 2209
2560 2191
2560 2185
2560 2180
2560 2165
2560 2159
2560 2155
2560 2152
2560 2141
2560 2139
2560 2133
2560 2130
2560 2129
2560 2125
2560 2124
2560 2120
2560 2122
2560 2120
2560 2119
2560 2120
2560 2121
2560 2123
2560 2126
2560 2130
2560 2135
2560 2141
2560 2148
2560 2156
2560 2165
2560 2175
2560 2186
2560 2198
2560 2211
2560 2225
2560 2240
2560 2255
2560 2270
2560 2285
2560 2300
2560 2315
2560 2330
2560 2345
2560 2360
2560 2375
2560 2390
2560 2405
2560 2420
2560 2435
2560 2450
2560 2465
2560 2480
2560 2495
2560 2510
2560 2525
2560 2540
2560 2555
2560 2570
2560 2585
2560 2600
2560 2615
2560 2630
2560 2645
2560 2660
2560 2675
2560 2690
2560 2706
2560 2726
2560 2746
2560 2766
2560 2786
2560 2805
2560 2823
2560 2840
2560 2856
2560 2871
2560 2885
2560 2898
2560 2910
2560 2920
2560 2929
2560 2936
2560 2942
2560 2947
2560 2951
2560 2954
2560 2956
2560 2957
2560 2957
2560 2956
2560 2954
2560 2951
2560 2947
2560 2942
2560 2936
2560 2930
2560 2922
2560 2914
2560 2904
2560 2894
2560 2884
2560 2873
2560 2861
2560 2849
2560 2837
2560 2824
2560 2810
2560 2796
2560 2782
2560 2767
2560 2753
2560 2740
2560 2080
2560 2064
2560 2048
2560 2033
2560 2019
2560 2005
2560 1991
2560 1958
2560 1942
2560 1930
2560 1919
2560 1908
2560 1884
2560 1880
2560 1882
2560 1885
2560 1881
2560 1882
2560 1884
2560 1888
2560 1886
2560 1886
2560 1890
2560 1888
2560 1891
2560 1890
2560 1892
2560 1893
2560 1895
2560 1898
2560 1901
2560 1904
2560 1908
2560 1913
2560 1918
2560 1927
2560 1938
2560 1951
2560 1965
2560 1980
2560 1996
2560 2013
2560 2031
2560 2050
2560 2070
2560 2091
2560 2113
2560 2136
2560 2160
2560 2185
2560 2211
2560 2240
2560 2269
2560 2298
2560 2327
2560 2356
2560 2385
2560 2414
2560 2443
2560 2472
2560 2501
2560 2530
2560 2559
2560 2588
2560 2617
2560 2646
2560 2675
2560 2704
3200 3675
3200 3675
3200 3675
3200 3675
3200 3675
3200 3675
3200 3675
3200 3675
3200 3675
3200 3675
3200 3675
3200 3679
3200 3682
3200 3684
3200 3684
3200 3682
3200 3679
3200 3675
3200 3669
3200 3662
3200 3654
3200 3645
3200 3635
3200 3624
3200 3612
3200 3499
3200 3485
3200 3471
3200 3457
3200 3442
3200 3078
3200 3042
3200 3006
3200 2970
3200 2934
3200 2898
3200 2862
3200 2827
3200 2793
3200 2760
3200 2746
3200 2733
3200 2721
3200 2709
3200 2681
3200 2670
3200 2657
3200 2647
3200 2637
3200 2628
3200 2609
3200 2599
3200 2591
3200 2584
3200 2578
3200 2572
3200 2556
3200 2551
3200 2547
3200 2543
3200 2533
3200 2529
3200 2530
3200 3675
3200 3675
3200 3675
3200 3675
3200 3675
3200 3675
3200 3675
3200 3675
3200 3675
3200 3675
3200 3675
3200 3679
3200 3682
3200 3684
3200 3684
3200 3682
3200 3679
3200 3675
3200 3669
3200 3662
3200 3654
3200 3645
3200 3635
3200 3624
3200 3612
3200 3499
3200 3485
3200 3471
3200 3457
3200 3442
3200 3078
3200 3042
3200 3006
3200 2970
3200 2934
3200 2898
3200 2862
3200 2827
3200 2793
3200 2760
3200 2746
3200 2733
3200 2721
3200 2709
3200 2681
3200 2670
3200 2657
3200 2647
3200 2637
3200 2628
3200 2609
3200 2599
3200 2591
3200 2584
3200 2578
3200 2572
3200 2556
3200 2551
3200 2547
3200 2543
3200 2533
3200 2529
3200 2530
3200 2528
3200 2531
3200 2530
3200 2532
3200 2533
3200 2535
3200 2538
3200 2541
3200 2548
3200 2556
3200 2564
3200 2574
3200 2585
3200 3675
3200 3675
3200 3675
3200 3675
3200 3675
3200 3675
3200 3675
3200 3675
3200 3675
3200 3675
3200 3675
3200 3679
3200 3682
3200 3684
3200 3684
3200 3682
3200 3679
3200 3675
3200 3669
3200 3662
3200 3654
3200 3645
3200 3635
3200 2615
3200 2615
3200 2615
3200 2615
3200 2615
3200 2615
3200 2615
3200 2615
3200 2615
3200 2615
3200 2615
3200 2627
3200 2640
3200 2654
3200 2669
3200 2685
3200 2702
3200 2720
3200 2739
3200 2759
3200 2780
3200 2802
3200 2825
3200 2849
3200 2874
3200 2899
3200 2924
3200 2949
3200 2974
3200 2999
3200 3024
3200 3049
3200 3074
3200 3099
3200 3124
3200 3149
3200 3174
3200 3199
3200 3224
3200 3249
3200 3274
3200 3299
3200 3324
3200 3349
3200 3374
3200 3399
3200 3424
3200 3449
3200 3473
3200 3496
3200 3518
3200 3539
3200 3557
3200 3566
3200 3574
3200 3581
3200 3587
3200 3592
3200 3596
3200 3599
3200 3601
3200 3602
3200 3602
3200 3601
3200 3599
3200 3596
3200 3592
3200 3587
3200 2990
3200 2990
3200 2990
3200 2990
3200 2990
3200 2990
3200 2990
3200 2990
3200 2990
3200 2990
3200 2990
3200 3000
3200 3010
3200 3020
3200 3030
3200 3040
3200 3050
3200 3060
3200 3070
3200 3080
3200 3090
3200 3100
3200 3110
3200 3120
3200 3130
3200 3140
3200 3150
3200 3160
3200 3170
3200 3180
3200 3190
3200 3200
3200 3210
3200 3220
3200 3230
3200 3240
3200 3250
3200 3260
3200 3270
3200 3280
3200 3290
3200 3300
3200 3310
3200 3320
3200 3330
3200 3340
3200 3350
3200 3360
3200 3370
3200 3380
3200 3390
3200 3400
3200 3410
3200 3420
3200 3430
3200 3439
3200 3447
3200 3454
3200 3460
3200 3465
3200 3469
3200 3472
3200 3474
3200 3475
3200 3475
3200 3474
3200 3472
3200 3469
3200 3465
3200 3460
3200 3454
3200 3447
3200 3439
3200 3430
3200 3420
3200 3410
3200 3400
3200 3390
3200 3380
3200 3370
3200 3360
3200 3350
3200 3340
3200 3330
3200 3320
3200 3310
3200 3300
3200 3290
3200 3280
3200 3270
3200 3260
3200 3250
3200 3240
3200 3230
3200 3222
3200 3214
3200 3206
3200 3198
3200 3190
3200 3182
3200 3174
3200 3166
3200 3158
3200 3150
3200 3142
3200 3134
3200 3126
3200 3118
3200 3110
3200 3102
3200 2990
3200 2990
3200 2990
3200 2990
3200 2990
3200 2990
3200 2990
3200 2990
3200 2990
3200 2990
3200 2990
3200 3000
3200 3010
3200 3020
3200 3030
3200 3040
3200 3050
3200 3060
3200 3070
3200 3080
3200 3090
3200 3100
3200 3110
3200 3120
3200 3130
3200 3140
3200 3150
3200 3160
3200 3170
3200 3180
3200 3190
3200 3200
3200 3210
3200 3220
3200 3230
3200 3240
3200 3250
3200 3260
3200 3270
3200 3280
3200 3290
3200 3300
3200 3310
3200 3320
3200 3330
3200 3340
3200 3350
3200 3360
3200 3370
3200 3380
3200 3390
3200 3400
3200 3410
3200 3420
3200 3430
3200 3439
3200 3447
3200 3454
3200 3460
3200 3465
3200 3469
3200 3472
3200 3474
3200 3475
3200 3475
3200 3474
3200 3472
3200 3469
3200 3465
3200 3460
3200 3454
3200 3447
3200 3439
3200 3430
3200 3420
3200 3410
3200 3400
3200 3390
3200 3380
3200 3370
3200 3360
3200 3350
3200 3340
3200 3330
3200 3320
3200 3310
3200 3300
3200 3290
3200 3280
3200 3270
3200 3260
3200 3250
3200 3240
3200 3230
3200 3222
3200 3214
3200 3206
3200 3198
3200 3190
3200 3182
3200 3174
3200 3166
3200 3158
3200 3150
3200 3142
3200 3134
3200 3126
3200 3118
3200 3110
3200 3102
3200 3094
3200 3086
3200 3078
3200 3070
3200 2990
3200 2990
3200 2990
3200 2990
3200 2990
3200 2990
3200 2990
3200 2990
3200 2990
3200 2990
3200 2990
3200 3000
3200 3010
3200 3020
3200 3030
3200 3040
3200 3050
3200 3060
3200 3070
3200 3080
3200 3090
3200 3100
3200 3110
3200 3120
3200 3130
3200 3140
3200 3150
3200 3160
3200 3170
3200 3180
3200 3190
3200 3200
3200 3210
3200 3220
3200 3230
3200 3240
3200 3250
3200 3260
3200 3270
3200 3280
3200 3290
3200 3300
3200 3310
3200 3320
3200 3330
3200 3340
3200 3350
3200 3360
3200 3370
3200 3380
3200 3390
3200 3400
3200 3410
3200 3420
3200 3430
3200 3439
3200 3447
3200 3454
3200 3460
3200 3465
3200 3469
3200 3472
3200 3474
3200 3475
3200 3475
3200 3474
3200 3472
3200 3469
3200 3465
3200 3460
3200 3454
3200 3447
3200 3439
3200 3430
3200 3420
3200 3410
3200 3400
3200 3390
3200 3380
3200 3370
3200 3360
3200 3350
3200 3340
3200 3330
3200 3320
3200 3310
3200 3300
3200 3290
3200 3280
3200 3270
3200 3260
3200 3250
3200 3240
3200 3230
3200 3222
3200 3214
3200 3206
3200 3198
3200 3190
3200 3182
3200 3174
3200 3166
3200 3158
3200 3150
3200 2990
3200 2990
3200 2990
3200 2990
3200 2990
3200 2990
3200 2990
3200 2990
3200 2990
3200 2990
3200 2990
3200 3000
3200 3010
3200 3020
3200 3030
3200 3040
3200 3050
3200 3060
3200 3070
3200 3080
3200 3090
3200 3100
3200 3110
3200 3120
3200 3130
3200 3140
3200 3150
3200 3160
3200 3170
3200 3180
3200 3190
3200 3200
3200 3210
3200 3220
3200 3230
3200 3240
3200 3250
3200 3260
3200 3270
3200 3280
3200 3290
3200 3300
3200 3310
3200 3320
3200 3330
3200 3340
3200 3350
3200 3360
3200 3370
3200 3380
3200 3390
3200 3400
3200 3410
3200 3420
3200 3430
3200 3439
3200 3447
3200 3454
3200 3460
3200 3465
3200 3469
3200 3472
3200 3474
3200 3475
3200 3475
3200 3474
3200 3472
3200 3469
3200 3465
3200 3460
3200 3454
3200 3447
3200 3439
3200 3430
3200 3420
3200 3410
3200 3400
3200 3390
3200 3380
3200 3370
3200 3360
3200 3350
3200 3340
3200 3330
3200 3320
3200 3310
3200 3300
3200 3290
3200 3280
3200 3270
3200 3260
3200 3250
3200 3240
3200 3230
3200 3222
3200 3214
3200 3206
3200 3198
3200 3190
3200 3182
3200 3174
3200 3166
3200 3158
3200 3150
3200 3142
3200 3134
3200 3126
3200 3118
3200 3110
3200 3102
3200 3094
3200 3086
3200 3078
3200 3070
3200 3062
3200 3054
3200 3046
3200 3038
3200 3030
3200 3022
3200 3014
3200 3006
3200 2998
3200 2990
3200 2982
3200 2974
3200 2966
3200 2958
3200 2950
3200 2942
3200 2934
3200 2926
3200 2918
3200 2910
3200 2909
3200 2901
3200 2900
3200 2892
3200 2891
3200 2883
3200 2882
3200 2881
3200 2873
3200 2872
3200 2864
3200 2863
3200 2857
3200 2858
3200 2854
3200 2855
3200 2853
3200 2852
3200 2852
3200 2853
3200 2855
3200 2858
3200 2862
3200 2867
3200 2872
3200 2877
3200 2882
3200 2887
3200 2892
3200 2897
3200 2902
3200 2907
3200 2912
3200 2917
3200 2922
3200 2927
3200 2932
3200 2937
3200 2942
3200 2947
3200 2952
3200 2957
3200 2962
3200 2969
3200 2976
3200 2983
3200 2990
3200 2997
3200 3004
3200 3011
3200 3018
3200 3025
3200 3032
3200 3039
3200 3046
3200 3053
3200 3060
3200 3067
3200 3074
3200 3081
3200 3088
3200 3095
3200 3102
3200 3109
3200 3116
3200 2990
3200 2990
3200 2990
3200 2990
3200 2990
3200 2990
3200 2990
3200 2990
3200 2990
3200 2990
3200 2990
3200 3000
3200 3010
3200 3020
3200 3030
3200 3040
3200 3050
3200 3060
3200 3070
3200 3080
3200 3090
3200 3100
3200 3110
3200 3120
3200 3130
3200 3140
3200 3150
3200 3160
3200 3170
3200 3180
3200 3190
3200 3200
3200 3210
3200 3220
3200 3230
3200 3240
3200 3250
3200 3260
3200 3270
3200 3280
3200 3290
3200 3300
3200 3310
3200 3320
3200 3330
3200 3340
3200 3350
3200 3360
3200 3370
3200 3380
3200 3390
3200 3400
3200 3410
3200 3420
3200 3430
3200 3439
3200 3447
3200 3454
3200 3460
3200 3465
3200 3469
3200 3472
3200 3474
3200 3475
3200 3475
3200 3474
3200 3472
3200 3469
3200 3465
3200 3460
3200 3454
3200 3447
3200 3439
3200 3430
3200 3420
3200 3410
3200 3400
3200 3390
3200 3380
3200 3370
3200 3360
3200 3350
3200 3340
3200 3330
3200 3320
3200 3310
3200 3300
3200 3290
3200 3280
3200 3270
3200 3260
3200 3250
3200 3240
3200 3230
3200 3222
3200 3214
3200 3206
3200 3198
3200 3190
3200 3182
3200 3174
3200 3166
3200 3158
3200 3150
3200 3142
3200 3134
3200 3126
3200 3118
3200 3110
3200 3102
3200 3094
3200 3086
3200 3078
3200 3070
3200 2990
3200 2990
3200 2990
3200 2990
3200 2990
3200 2990
3200 2990
3200 2990
3200 2990
3200 2990
3200 2990
3200 3000
3200 3010
3200 3020
3200 3030
3200 3040
3200 3050
3200 3060
3200 3070
3200 3080
3200 3090
3200 3100
3200 3110
3200 3120
3200 3130
3200 3140
3200 3150
3200 3160
3200 3170
3200 3180
3200 3190
3200 3200
3200 3210
3200 3220
3200 2990
3200 2990
3200 2990
3200 2990
3200 2990
3200 2990
3200 2990
3200 2990
3200 2990
3200 2990
3200 2990
3200 3000
3200 3010
3200 3020
3200 3030
3200 3040
3200 3050
3200 3060
3200 3070
3200 3080
3200 3090
3200 3100
3200 3110
3200 3120
3200 3130
3200 3140
3200 3150
3200 3160
3200 3170
3200 3180
3200 3190
3200 3200
3200 3210
3200 3220
3200 3230
3200 3240
3200 3250
3200 3260
3200 3270
3200 3280
3200 3290
3200 3300
3200 3310
3200 3320
3200 3330
3200 3340
3200 3350
3200 3360
3200 3370
3200 3380
3200 3390
3200 3400
3200 3410
3200 3420
3200 3430
3200 3439
3200 3447
3200 3454
3200 3460
3200 3465
3200 3469
3200 3472
3200 3474
3200 3475
3200 3475
3200 3474
3200 3472
3200 3469
3200 3465
3200 3460
3200 3454
3200 3447
3200 3439
3200 3430
3200 3420
3200 3410
3200 3400
3200 3390
3200 3380
3200 3370
3200 3360
3200 3350
3200 3340
3200 3330
3200 3320
3200 3310
3200 3300
3200 3290
3200 3280
3200 3270
3200 3260
3200 3250
3200 3240
3200 3230
3200 3222
3200 3214
3200 3206
3200 3198
3200 3190
3200 3182
3200 3174
3200 3166
3200 3158
3200 3150
3200 3142
3200 3134
3200 3126
3200 3118
3200 3110
3200 3102
3200 3094
3200 3086
3200 3078
3200 3070
3200 3062
3200 3054
3200 3046
3200 3038
3200 3030
3200 3022
3200 3014
3200 3006
3200 2998
3200 2990
3200 2982
3200 2974
3200 2966
3200 2958
3200 2950
3200 2942
3200 2934
3200 2926
3200 2918
3200 2910
3200 2909
3200 2901
3200 2900
3200 2892
3200 2891
3200 2883
3200 2882
3200 2881
3200 2873
3200 2872
3200 2864
3200 2863
3200 2857
3200 2858
3200 2854
3200 2855
3200 2853
3200 2852
3200 2852
3200 2853
3200 2855
3200 2858
3200 2862
3200 2867
3200 2872
3200 2877
3200 2882
3200 2887
3200 2892
3200 2897
3200 2902
3200 2907
3200 2912
3200 2917
3200 2922
3200 2927
3200 2932
3200 2937
3200 2942
3200 2947
3200 2952
3200 2957
3200 2962
3200 2969
3200 2976
3200 2983
3200 2990
3200 2997
3200 3004
3200 3011
3200 3018
3200 3025
3200 3032
3200 3039
3200 3046
3200 3053
3200 3060
3200 3067
3200 3074
3200 3081
3200 3088
3200 3095
3200 3102
3200 3109
3200 3116
3200 3123
3200 3130
3200 3137
3200 3144
3200 3151
3200 3158
3200 3165
3200 3172
3200 3179
3200 3186
3200 3193
3200 3200
3200 3207
3200 3214
3200 3221
3200 3228
3200 3235
3200 3242
3200 3249
3200 3256
3200 3263
3200 3271
3200 3283
3200 3295
3200 3307
3200 3319
3200 3331
3200 3343
3200 3355
3200 3367
3200 3379
3200 3391
3200 3403
3200 3415
3200 3427
3200 3438
3200 3448
3200 3457
3200 3465
3200 3472
3200 3479
3200 3485
3200 3490
3200 3495
3200 3500
3200 3504
3200 3507
3200 3510
3200 3513
3200 3515
3200 3516
3200 3517
3200 3518
3200 3518
3200 2990
3200 2990
3200 2990
3200 2990
3200 2990
3200 2990
3200 2990
3200 2990
3200 2990
3200 2990
3200 2990
3200 2990
3200 2990
3200 2990
3200 2990
3200 2990
3200 2990
3200 2990
3200 2990
3200 2990
3200 2990
3200 2990
3200 2990
3200 2990
3200 2990
3200 2990
3200 2990
3200 2990
3200 2990
3200 2990
3200 2990
3200 2990
3200 2990
3200 2990
3200 2990
3200 2990
3200 2990
3200 2990
3200 2990
3200 2990
3200 2990
3200 2990
3200 2990
3200 2990
3200 2991
3200 2992
3200 2993
3200 2994
3200 2995
3200 2996
3200 2997
3200 2998
3200 2999
3200 3000
3200 3001
3200 3002
3200 3003
3200 3004
3200 3005
3200 3006
3200 3007
3200 3008
3200 3009
3200 3010
3200 3011
3200 3012
3200 3013
3200 3014
3200 3015
3200 3016
3200 3017
3200 3018
3200 3019
3200 3020
3200 3021
3200 3022
3200 3023
3200 3025
3200 3027
3200 3029
3200 3031
3200 3033
3200 3035
3200 3037
3200 3039
3200 3041
3200 3043
3200 3045
3200 3047
3200 3049
3200 3051
3200 3053
3200 3055
3200 3057
3200 3060
3200 3063
3200 3066
3200 3069
3200 3072
3200 3075
3200 3078
3200 3081
3200 3084
3200 3087
3200 3090
3200 3093
3200 3096
3200 3099
3200 3102
3200 3105
3200 3109
3200 3113
3200 3117
3200 3121
3200 3125
3200 3129
3200 3133
3200 3137
3200 3141
3200 3145
3200 3149
3200 3153
3200 3157
3200 3160
3200 3162
3200 3164
3200 3166
3200 3168
3200 3170
3200 3172
3200 3174
3200 3176
3200 3178
3200 3180
3200 3182
3200 3184
3200 3186
3200 3188
3200 3190
3200 3192
3200 3194
3200 3196
3200 3198
3200 3200
3200 3202
3200 3204
3200 3206
3200 3208
3200 3210
3200 3212
3200 3214
3200 3216
3200 3218
3200 3220
3200 3222
3200 3224
3200 3226
3200 3228
3200 3230
3200 3232
3200 3234
3200 3236
3200 3238
3200 3240
3200 3242
3200 3244
3200 3246
3200 3248
3200 3250
3200 3252
3200 3254
3200 3256
3200 3258
3200 3260
3200 3262
3200 3264
3200 3266
3200 3270
3200 3274
3200 3278
3200 3282
3200 3286
3200 3290
3200 3294
3200 3298
3200 3302
3200 3306
3200 3310
3200 3314
3200 3318
3200 3322
3200 3326
3200 3330
3200 3334
3200 3338
3200 3342
3200 3346
3200 3350
3200 3354
3200 3358
3200 3362
3200 3366
3200 3370
3200 3374
3200 3378
3200 3382
3200 3386
3200 3390
3200 3394
3200 3398
3200 3402
3200 3406
3200 3410
3200 3414
3200 3418
3200 3422
3200 3426
3200 3429
3200 3431
3200 3432
3200 3432
3200 3431
3200 3429
3200 3426
3200 3422
3200 3421
3200 3421
3200 3421
3200 3421
3200 3421
3200 3421
3200 3421
3200 3421
3200 3421
3200 3421
3200 3421
3200 3421
3200 3421
3200 3421
3200 3421
3200 3421
3200 3421
3200 3421
3200 3421
3200 3422
3200 3423
3200 3424
3200 3425
3200 3425
3200 3424
3200 3423
3200 3422
3200 3421
3200 3420
3200 3419
3200 3418
3200 3417
3200 3416
3200 3415
3200 3414
3200 3414
3200 3414
3200 3414
3200 3414
3200 3414
3200 3414
3200 3414
3200 3414
3200 3415
3200 3417
3200 3418
3200 3420
3200 3421
3200 3423
3200 3424
3200 3426
3200 3427
3200 3428
3200 3428
3200 3428
3200 3428
3200 3427
3200 3425
3200 3423
3200 3421
3200 3103
3200 3091
3200 3079
3200 3067
3200 3055
3200 3043
3200 3031
3200 3019
3200 3007
3200 2995
3200 2983
3200 2971
3200 2959
3200 2947
3200 2935
3200 2923
3200 2911
3200 2899
3200 2887
3200 2875
3200 2863
3200 2852
3200 2842
3200 2833
3200 2825
3200 2818
3200 2812
3200 2807
3200 2803
3200 2800
3200 2800
3200 2799
3200 2799
3200 2800
3200 2802
3200 2805
3200 2809
3200 2814
3200 2820
3200 2827
3200 2835
3200 2844
3200 2854
3200 2865
3200 2877
3200 2889
3200 2901
3200 2913
3200 2925
3200 2937
3200 2949
3200 2961
3200 2973
3200 2985
3200 2997
3200 3009
3200 3021
3200 3033
3200 3045
3200 3059
3200 3073
3200 3087
3200 3101
3200 3115
3200 3129
3200 3143
3200 3157
3200 3171
3200 3185
3200 3199
3200 3213
3200 3227
3200 3241
3200 3255
3200 3269
3200 3283
3200 3297
3200 3311
3200 3325
3200 3339
3200 3353
3200 3367
3200 3381
3200 3395
3200 3409
3200 3423
3200 3437
3200 3450
3200 3462
3200 3473
3200 3483
3200 3492
3200 3500
3200 3507
3200 3513
3200 3518
3200 3522
3200 3525
3200 3527
3200 3528
3200 3528
3200 3527
3200 3525
3200 3522
3200 3518
3200 3513
3200 3507
3200 3500
3200 3492
3200 3483
3200 3473
3200 3462
3200 3450
3200 3437
3200 3423
3200 3409
3200 3395
3200 3381
3200 3367
3200 3353
3200 3339
3200 3325
3200 3311
3200 3297
3200 3283
3200 3269
3200 3255
3200 3241
3200 3227
3200 3213
3200 3199
3200 3185
3200 3171
3200 3157
3200 3143
3200 3129
3200 3115
3200 3101
3200 3087
3200 3073
3200 3059
3200 3045
3200 3033
3200 3021
3200 3009
3200 2997
3200 2985
3200 2973
3200 2961
3200 2949
3200 2937
3200 2925
3200 2913
3200 2901
3200 2889
3200 2877
3200 2865
3200 2854
3200 2844
3200 2835
3200 2827
3200 2820
3200 2814
3200 2809
3200 2805
3200 2802
3200 2800
3200 2799
3200 2799
3200 2800
3200 2802
3200 2805
3200 2809
3200 2814
3200 2820
3200 2827
3200 2835
3200 2844
3200 2854
3200 2865
3200 2877
3200 2889
3200 2901
3200 2913
3200 2925
3200 2937
3200 2949
3200 2961
3200 2973
3200 2985
3200 2997
3200 3009
3200 3021
3200 3033
3200 3045
3200 3057
3200 3069
3200 3081
3200 3093
3200 3105
3200 3117
3200 3129
3200 3141
3200 3153
3200 3165
3200 3177
3200 3189
3200 3201
3200 3213
3200 3225
3200 3237
3200 3249
3200 3261
3200 3273
3200 3285
3200 3297
3200 3309
3200 3321
3200 3333
3200 3345
3200 3357
3200 3369
3200 3381
3200 3393
3200 3405
3200 2990
3200 2990
3200 2990
3200 2990
3200 2990
3200 2990
3200 2990
3200 2990
3200 2990
3200 2990
3200 2990
3200 2990
3200 2990
3200 2990
3200 2990
3200 2990
3200 2990
3200 2990
3200 2990
3200 2990
3200 2990
3200 2990
3200 2990
3200 2990
3200 2990
3200 2990
3200 2990
3200 2990
3200 2990
3200 2990
3200 2990
3200 2990
3200 2990
3200 2990
3200 2990
3200 2990
3200 2990
3200 2990
3200 2990
3200 2990
3200 2990
3200 2990
3200 2990
3200 2990
3200 2990
3200 2990
3200 2990
3200 2990
3200 2990
3200 2990
3200 2990
3200 2990
3200 2992
3200 2994
3200 2996
3200 2998
3200 3000
3200 3002
3200 3004
3200 3006
3200 3008
3200 3010
3200 3012
3200 3014
3200 3016
3200 3018
3200 3020
3200 3022
3200 3024
3200 3026
3200 3028
3200 3030
3200 3032
3200 3034
3200 3036
3200 3038
3200 3040
3200 3042
3200 3044
3200 3046
3200 3048
3200 3050
3200 3052
3200 3054
3200 3056
3200 3058
3200 3060
3200 3062
3200 3064
3200 3066
3200 3068
3200 3070
3200 3072
3200 3074
3200 3076
3200 3078
3200 3080
3200 3082
3200 3084
3200 3086
3200 3088
3200 3090
3200 3092
3200 3094
3200 3096
3200 3098
3200 3100
3200 3102
3200 3104
3200 3106
3200 3108
3200 3110
3200 3112
3200 3114
3200 3116
3200 3118
3200 3120
3200 3122
3200 3124
3200 3126
3200 3128
3200 3130
3200 3132
3200 3134
3200 3136
3200 3138
3200 3140
3200 3142
3200 3144
3200 3146
3200 3148
3200 3150
3200 3152
3200 3154
3200 3156
3200 3160
3200 3164
3200 3168
3200 3172
3200 3176
3200 3180
3200 3184
3200 3188
3200 3192
3200 3196
3200 3200
3200 3204
3200 3208
3200 3212
3200 3216
3200 3220
3200 3224
3200 3228
3200 3232
3200 3236
3200 3240
3200 3244
3200 3248
3200 3252
3200 3256
3200 3260
3200 3264
3200 3268
3200 3272
3200 3276
3200 3280
3200 3284
3200 3288
3200 3292
3200 3296
3200 3300
3200 3304
3200 3308
3200 3312
3200 3316
3200 3320
3200 3324
3200 3328
3200 3332
3200 3336
3200 3340
3200 3344
3200 3348
3200 3352
3200 3356
3200 3360
3200 3364
3200 3368
3200 3372
3200 3376
3200 3380
3200 3384
3200 3388
3200 3392
3200 3396
3200 3400
3200 3404
3200 3408
3200 3412
3200 3416
3200 3420
3200 3424
3200 3428
3200 3431
3200 3433
3200 3434
3200 3434
3200 3433
3200 3431
3200 3428
3200 3424
3200 3420
3200 3416
3200 3412
3200 3408
3200 3404
3200 3400
3200 3396
3200 3392
3200 3390
3200 3388
3200 3386
3200 3384
3200 3382
3200 3380
3200 3378
3200 3376
3200 3374
3200 3372
3200 3370
3200 3368
3200 3366
3200 3364
3200 3362
3200 3360
3200 3358
3200 3356
3200 3354
3200 3352
3200 3350
3200 3348
3200 3346
3200 3344
3200 3342
3200 3340
3200 3338
3200 3336
3200 3334
3200 3332
3200 3330
3200 3328
3200 3326
3200 3324
3200 3322
3200 3320
3200 3318
3200 3316
3200 3314
3200 3312
3200 3310
3200 3308
3200 3306
3200 3304
3200 3302
3200 3300
3200 3298
3200 3296
3200 3294
3200 3292
3200 3290
3200 3288
3200 3286
3200 3284
3200 3282
3200 3280
3200 3278
3200 3276
3200 3274
3200 3272
3200 3270
3200 3268
3200 3266
3200 3264
3200 3262
3200 3260
3200 3258
3200 3256
3200 3254
3200 3252
3200 3250
3200 3248
3200 3246
3200 3244
3200 3242
3200 3240
3200 3238
3200 3236
3200 3234
3200 3232
3200 3230
3200 3228
3200 3226
3200 3226
3200 3226
3200 3226
3200 3226
3200 3226
3200 3226
3200 3226
3200 3226
3200 3226
3200 3226
3200 3226
3200 3226
3200 3226
3200 3226
3200 3226
3200 3226
3200 3226
3200 3099
3200 3104
3200 3109
3200 3114
3200 3119
3200 3124
3200 3129
3200 3134
3200 3140
3200 3146
3200 3152
3200 3158
3200 3164
3200 3170
3200 3176
3200 3182
3200 3188
3200 3194
3200 3200
3200 3206
3200 3212
3200 3218
3200 3224
3200 3226
3200 3226
3200 3226
3200 3226
3200 3226
3200 3226
3200 3226
3200 3226
3200 3226
3200 3226
3200 3226
3200 3226
3200 3226
3200 3226
3200 3226
3200 3226
3200 3226
3200 3226
3200 3226
3200 3226
3200 3226
3200 3226
3200 3226
3200 3226
3200 3226
3200 3226
3200 3226
3200 3226
3200 3226
3200 3226
3200 3226
3200 3226
3200 3226
3200 3226
3200 3226
3200 3226
3200 3226
3200 3226
3200 3226
3200 3226
3200 3226
3200 3226
3200 3226
3200 3228
3200 3230
3200 3232
3200 3234
3200 3236
3200 3238
3200 3240
3200 3242
3200 3244
3200 3246
3200 3248
3200 3250
3200 3252
3200 3254
3200 3256
3200 3258
3200 3260
3200 3262
3200 3264
3200 3268
3200 3277
3200 3286
3200 3295
3200 3304
3200 3313
3200 3322
3200 3331
3200 3340
3200 3349
3200 3358
3200 3367
3200 3376
3200 3385
3200 3394
3200 3401
3200 2990
3200 2990
3200 2990
3200 2990
3200 2990
3200 2990
3200 2990
3200 2990
3200 2990
3200 2990
3200 2990
3200 2990
3200 2990
3200 2990
3200 2990
3200 2990
3200 2990
3200 2990
3200 2990
3200 2990
3200 2990
3200 2990
3200 2990
3200 2990
3200 2990
3200 2990
3200 2990
3200 2990
3200 2990
3200 3100
3200 3300
3200 3405
3200 3514
3200 3628
3200 3746
3200 3868
3200 4122
3200 4493
3200 4758
3200 2983
3200 2945
3200 2907
3200 2869
3200 2831
3200 2794
3200 2776
3200 2758
3200 2741
3200 2725
3200 2709
3200 2693
3200 2678
3200 2665
3200 2653
3200 2641
3200 2621
3200 2610
3200 2599
3200 2589
3200 2578
3200 2569
3200 2560
3200 2990
3200 2990
3200 2990
3200 2990
3200 2990
3200 2990
3200 2990
3200 2990
3200 2990
3200 2990
3200 2990
3200 2990
3200 2990
3200 2990
3200 2990
3200 2990
3200 2990
3200 2990
3200 2990
3200 2990
3200 2990
3200 2990
3200 2990
3200 2990
3200 2990
3200 2990
3200 2990
3200 2990
3200 2990
3200 2990
3200 2990
3200 2990
3200 2990
3200 2990
3200 2990
3200 2990
3200 2990
3200 2990
3200 2990
3200 2990
3200 2990
3200 2990
3200 2990
3200 2990
3200 2990
3200 2990
3200 2990
3200 2990
3200 2990
3200 2990
3200 2990
3200 2990
3200 2992
3200 2994
3200 2996
3200 2998
3200 3000
3200 3002
3200 3004
3200 3006
3200 3008
3200 3010
3200 3012
3200 3014
3200 3016
3200 3018
3200 3020
3200 3022
3200 3024
3200 3026
3200 3028
3200 3030
3200 3032
3200 3034
3200 3036
3200 3038
3200 3040
3200 3042
3200 3044
3200 3046
3200 3048
3200 3050
3200 3052
3200 3054
3200 3056
3200 3058
3200 3060
3200 3062
3200 3064
3200 3066
3200 3068
3200 3070
3200 3072
3200 3074
3200 3076
3200 3078
3200 3080
3200 3082
3200 3084
3200 3086
3200 3088
3200 3090
3200 3092
3200 3094
3200 3096
3200 3098
3200 3100
3200 3102
3200 3104
3200 3106
3200 3108
3200 3110
3200 3112
3200 3114
3200 3116
3200 3118
3200 3120
3200 3122
3200 3124
3200 3126
3200 3128
3200 3130
3200 3132
3200 3134
3200 3136
3200 3138
3200 3140
3200 3142
3200 3144
3200 3146
3200 3148
3200 3150
3200 3152
3200 3154
3200 3156
3200 3160
3200 3164
3200 3168
3200 3172
3200 3176
3200 3180
3200 3184
3200 3188
3200 3192
3200 3196
3200 3200
3200 3204
3200 3208
3200 3212
3200 3216
3200 3220
3200 3224
3200 3228
3200 3232
3200 3236
3200 3240
3200 3244
3200 3248
3200 3252
3200 3256
3200 3260
3200 3264
3200 3268
3200 3272
3200 3276
3200 3280
3200 3284
3200 3288
3200 3292
3200 3296
3200 3300
3200 3304
3200 3308
3200 3312
3200 3316
3200 3320
3200 3324
3200 3328
3200 3332
3200 3336
3200 3340
3200 3344
3200 3348
3200 3352
3200 3356
3200 3360
3200 3364
3200 3368
3200 3372
3200 3376
3200 3380
3200 3384
3200 3388
3200 3392
3200 3396
3200 3400
3200 3404
3200 3408
3200 3412
3200 3416
3200 3420
3200 3424
3200 3428
3200 3431
3200 3433
3200 3434
3200 3434
3200 3433
3200 3431
3200 3428
3200 3424
3200 3420
3200 3416
3200 3412
3200 3408
3200 3404
3200 3400
3200 3396
3200 3392
3200 3390
3200 3388
3200 3386
3200 3384
3200 3382
3200 3380
3200 3378
3200 3376
3200 3374
3200 3372
3200 3370
3200 3368
3200 3366
3200 3364
3200 3362
3200 3360
3200 3358
3200 3356
3200 3354
3200 3352
3200 3350
3200 3348
3200 3346
3200 3344
3200 3342
3200 3340
3200 3338
3200 3336
3200 3334
3200 3332
3200 3330
3200 3328
3200 3326
3200 3324
3200 3322
3200 3320
3200 3318
3200 3316
3200 3314
3200 3312
3200 3310
3200 3308
3200 3306
3200 3304
3200 3302
3200 3300
3200 3298
3200 3296
3200 3294
3200 3292
3200 3290
3200 3288
3200 3286
3200 3284
3200 3282
3200 3280
3200 3278
3200 3276
3200 3274
3200 3272
3200 3270
3200 3268
3200 3266
3200 3264
3200 3262
3200 3260
3200 3258
3200 3256
3200 3254
3200 3252
3200 3250
3200 3248
3200 3246
3200 3244
3200 3242
3200 3240
3200 3238
3200 3236
3200 3234
3200 3232
3200 3230
3200 3228
3200 3226
3200 3226
3200 3226
3200 3226
3200 3226
3200 3226
3200 3226
3200 3226
3200 3226
3200 3226
3200 3226
3200 3226
3200 3226
3200 3226
3200 3226
3200 3226
3200 3226
3200 3226
3200 3226
3200 3226
3200 3226
3200 3226
3200 3226
3200 3226
3200 3226
3200 3226
3200 3226
3200 3226
3200 3226
3200 3226
3200 3226
3200 3226
3200 3226
3200 3226
3200 3226
3200 3226
3200 3226
3200 3226
3200 3226
3200 3226
3200 3226
3200 3226
3200 3226
3200 3226
3200 3226
3200 3226
3200 3226
3200 3226
3200 3226
3200 3226
3200 3226
3200 3226
3200 3226
3200 3226
3200 3226
3200 3226
3200 3226
3200 3226
3200 3226
3200 3226
3200 3226
3200 3226
3200 3226
3200 3226
3200 3226
3200 3226
3200 3226
3200 3226
3200 3226
3200 3226
3200 3226
3200 3226
3200 3226
3200 3226
3200 3226
3200 3226
3200 3226
3200 3226
3200 3226
3200 3226
3200 3226
3200 3226
3200 3226
3200 3226
3200 3228
3200 3230
3200 3232
3200 3234
3200 3236
3200 3238
3200 3240
3200 3242
3200 3244
3200 3246
3200 3248
3200 3250
3200 3252
3200 3254
3200 3256
3200 3258
3200 3260
3200 3262
3200 3264
3200 3266
3200 3268
3200 3270
3200 3272
3200 3274
3200 3276
3200 3278
3200 3280
3200 3282
3200 3284
3200 3286
3200 3288
3200 3290
3200 3292
3200 3294
3200 3296
3200 3298
3200 3300
3200 3302
3200 3304
3200 3306
3200 3308
3200 3310
3200 3312
3200 3314
3200 3316
3200 3318
3200 3320
3200 3322
3200 3324
3200 3326
3200 3328
3200 3330
3200 3332
3200 3334
3200 3336
3200 3338
3200 3340
3200 3342
3200 3344
3200 3346
3200 3348
3200 3350
3200 3352
3200 3354
3200 3356
3200 3358
3200 3360
3200 3362
3200 3364
3200 3366
3200 3368
3200 3370
3200 3372
3200 3374
3200 3376
3200 3378
3200 3380
3200 3382
3200 3384
3200 3386
3200 3388
3200 3390
3200 3392
3200 3394
3200 3398
3200 3402
3200 3406
3200 3410
3200 3414
3200 3418
3200 3422
3200 3426
3200 3429
3200 3431
3200 3432
3200 3432
3200 3431
3200 3429
3200 3426
3200 3422
3200 3418
3200 3414
3200 3410
3200 3406
3200 3402
3200 3398
3200 3394
3200 3390
3200 2990
3200 2990
3200 2990
3200 2990
3200 2990
3200 2990
3200 2990
3200 2990
3200 2990
3200 2990
3200 2990
3200 2990
3200 2990
3200 2990
3200 2990
3200 2990
3200 2990
3200 2990
3200 2990
3200 2990
3200 2990
3200 2990
3200 2990
3200 2990
3200 2990
3200 2990
3200 2990
3200 2990
3200 2990
3200 2990
3200 2990
3200 2990
3200 2990
3200 2990
3200 2990
3200 2990
3200 2990
3200 2990
3200 2990
3200 2990
3200 2990
3200 2990
3200 2990
3200 2990
3200 2990
3200 2990
3200 2990
3200 2990
3200 2990
3200 2990
3200 2990
3200 2990
3200 2992
3200 2994
3200 2996
3200 2998
3200 3000
3200 3002
3200 3004
3200 3006
3200 3008
3200 3010
3200 3012
3200 3014
3200 3016
3200 3018
3200 3020
3200 3022
3200 3024
3200 3026
3200 3028
3200 3030
3200 3032
3200 3034
3200 3036
3200 3038
3200 3040
3200 3042
3200 3044
3200 3046
3200 3048
3200 3050
3200 3052
3200 3054
3200 3056
3200 3058
3200 3060
3200 3062
3200 3064
3200 3066
3200 3068
3200 3070
3200 3072
3200 3074
3200 3076
3200 3078
3200 3080
3200 3082
3200 3084
3200 3086
3200 3088
3200 3090
3200 3092
3200 3094
3200 3096
3200 3098
3200 3100
3200 3102
3200 3104
3200 3106
3200 3108
3200 3110
3200 3112
3200 3114
3200 3116
3200 3118
3200 3120
3200 3122
3200 3124
3200 3126
3200 3128
3200 3130
3200 3132
3200 3134
3200 3136
3200 3138
3200 3140
3200 3142
3200 3144
3200 3146
3200 3148
3200 3150
3200 3152
3200 3154
3200 3156
3200 3160
3200 3164
3200 3168
3200 3172
3200 3176
3200 3180
3200 3184
3200 3188
3200 3192
3200 3196
3200 3200
3200 3204
3200 3208
3200 3212
3200 3216
3200 3220
3200 3224
3200 3228
3200 3232
3200 3236
3200 3240
3200 3244
3200 3248
3200 3252
3200 3256
3200 3260
3200 3264
3200 3268
3200 3272
3200 3276
3200 3280
3200 3284
3200 3288
3200 3292
3200 3296
3200 3300
3200 3304
3200 3308
3200 3312
3200 3316
3200 3320
3200 3324
3200 3328
3200 3332
3200 3336
3200 3340
3200 3344
3200 3348
3200 3352
3200 3356
3200 3360
3200 3364
3200 3368
3200 3372
3200 3376
3200 3380
3200 3384
3200 3388
3200 3392
3200 3396
3200 3400
3200 3404
3200 3408
3200 3412
3200 3416
3200 3420
3200 3424
3201 3429
3203 3433
3206 3436
3210 3438
3214 3438
3218 3438
3222 3438
3226 3438
3230 3438
3234 3438
3238 3438
3242 3438
3246 3438
3250 3438
3254 3438
3258 3438
3262 3438
3266 3440
3270 3442
3274 3444
3278 3446
3282 3448
3286 3450
3290 3452
3294 3454
3298 3456
3302 3458
3306 3460
3310 3462
3314 3464
3318 3466
3322 3468
3326 3470
3330 3472
3334 3474
3338 3476
3342 3478
3346 3480
3350 3482
3354 3484
3358 3486
3362 3488
3366 3490
3370 3492
3374 3494
3378 3496
3382 3498
3386 3500
3390 3502
3394 3504
3398 3506
3402 3508
3406 3510
3410 3512
3414 3514
3418 3516
3422 3518
3426 3520
3430 3522
3434 3524
3438 3526
3442 3528
3446 3530
3450 3532
3454 3534
3458 3536
3462 3538
3466 3540
3470 3542
3474 3544
3478 3546
3482 3548
3486 3550
3490 3552
3494 3554
3498 3556
3502 3558
3506 3560
3510 3562
3514 3564
3518 3566
3522 3568
3526 3570
3530 3572
3534 3574
3538 3576
3542 3578
3546 3580
3550 3582
3554 3584
3558 3586
3562 3588
3566 3590
3570 3592
3574 3594
3578 3596
3582 3598
3586 3600
3590 3602
3594 3604
3598 3608
3602 3612
3606 3616
3610 3620
3614 3624
3618 3628
3622 3632
3626 3636
3630 3640
3634 3644
3638 3648
3642 3652
3646 3656
3650 3660
3654 3664
3658 3668
3662 3672
3666 3676
3670 3680
3674 3684
3678 3688
3682 3692
3686 3696
3690 3700
3694 3704
3698 3708
3702 3712
3706 3716
3710 3720
3714 3724
3718 3728
3722 3732
3726 3736
3730 3740
3734 3744
3738 3748
3742 3752
3746 3756
3750 3760
3754 3764
3758 3768
3762 3772
3766 3776
3770 3780
3774 3784
3778 3788
3782 3792
3786 3796
3790 3800
3794 3804
3798 3808
3802 3812
3806 3816
3810 3820
3814 3824
3818 3828
3822 3832
3826 3836
3830 3840
3834 3844
3838 3848
3842 3852
3200 2990
3200 2990
3200 2990
3200 2990
3200 2990
3200 2990
3200 2990
3200 2990
3200 2990
3200 2990
3200 2990
3200 2990
3200 2990
3200 2990
3200 2990
3200 2990
3200 2990
3200 2990
3200 2990
3200 2990
3200 2990
3200 2990
3200 2990
3200 2990
3200 2990
3200 2990
3200 2990
3200 2990
3200 2990
3200 2990
3200 2990
3200 2990
3200 2990
3200 2990
3200 2990
3200 2990
3200 2990
3200 2990
3200 2990
3200 2990
3200 2990
3200 2990
3200 2990
3200 2990
3200 2990
3200 2990
3200 2990
3200 2990
3200 2990
3200 2990
3200 2990
3200 2990
3200 2992
3200 2994
3200 2996
3200 2998
3200 3000
3200 3002
3200 3004
3200 3006
3200 3008
3200 3010
3200 3012
3200 3014
3200 3016
3200 3018
3200 3020
3200 3022
3200 3024
3200 3026
3200 3028
3200 3030
3200 3032
3200 3034
3200 3036
3200 3038
3200 3040
3200 3042
3200 3044
3200 3046
3200 3048
3200 3050
3200 3052
3200 3054
3200 3056
3200 3058
3200 3060
3200 3062
3200 3064
3200 3066
3200 3068
3200 3070
3200 3072
3200 3074
3200 3076
3200 3078
3200 3080
3200 3082
3200 3084
3200 3086
3200 3088
3200 3090
3200 3092
3200 3094
3200 3096
3200 3098
3200 3100
3200 3102
3200 3104
3200 3106
3200 3108
3200 3110
3200 3112
3200 3114
3200 3116
3200 3118
3200 3120
3200 3122
3200 3124
3200 3126
3200 3128
3200 3130
3200 3132
3200 3134
3200 3136
3200 3138
3200 3140
3200 3142
3200 3144
3200 3146
3200 3148
3200 3150
3200 3152
3200 3154
3200 3156
3200 3160
3200 3164
3200 3168
3200 3172
3200 3176
3200 3180
3200 3184
3200 3188
3200 3192
3200 3196
3200 3200
3200 3204
3200 3208
3200 3212
3200 3216
3200 3220
3200 3224
3200 3228
3200 3232
3200 3236
3200 3240
3200 3244
3200 3248
3200 3252
3200 3256
3200 3260
3200 3264
3200 3268
3200 3272
3200 3276
3200 3280
3200 3284
3200 3288
3200 3292
3200 3296
3200 3300
3200 3304
3200 3308
3200 3312
3200 3316
3200 3320
3200 3324
3200 3328
3200 3332
3200 3336
3200 3340
3200 3344
3200 3348
3200 3352
3200 3356
3200 3360
3200 3364
3200 3368
3200 3372
3200 3376
3200 3380
3200 3384
3200 3388
3200 3392
3200 3396
3200 3400
3200 3404
3200 3408
3200 3412
3200 3416
3200 3420
3200 3424
3201 3429
3203 3433
3206 3436
3210 3438
3214 3438
3218 3438
3222 3438
3226 3438
3230 3438
3234 3438
3238 3438
3242 3438
3246 3438
3250 3438
3254 3438
3258 3438
3262 3438
3266 3440
3270 3442
3274 3444
3278 3446
3282 3448
3286 3450
3290 3452
3294 3454
3298 3456
3302 3458
3306 3460
3310 3462
3314 3464
3318 3466
3322 3468
3326 3470
3330 3472
3334 3474
3338 3476
3342 3478
3346 3480
3350 3482
3354 3484
3358 3486
3362 3488
3366 3490
3370 3492
3374 3494
3378 3496
3382 3498
3386 3500
3390 3502
3394 3504
3398 3506
3402 3508
3406 3510
3410 3512
3414 3514
3418 3516
3422 3518
3426 3520
3430 3522
3434 3524
3438 3526
3442 3528
3446 3530
3450 3532
3454 3534
3458 3536
3462 3538
3466 3540
3470 3542
3474 3544
3478 3546
3482 3548
3486 3550
3490 3552
3494 3554
3498 3556
3502 3558
3506 3560
3510 3562
3514 3564
3518 3566
3522 3568
3526 3570
3530 3572
3534 3574
3538 3576
3542 3578
3546 3580
3550 3582
3554 3584
3558 3586
3562 3588
3566 3590
3570 3592
3574 3594
3578 3596
3582 3598
3586 3600
3590 3602
3594 3604
3598 3608
3602 3612
3606 3616
3610 3620
3614 3624
3618 3628
3622 3632
3626 3636
3630 3640
3634 3644
3638 3648
3642 3652
3646 3656
3650 3660
3654 3664
3658 3668
3662 3672
3666 3676
3670 3680
3674 3684
3678 3688
3682 3692
3686 3696
3690 3700
3694 3704
3698 3708
3702 3712
3706 3716
3710 3720
3714 3724
3718 3728
3722 3732
3726 3736
3730 3740
3734 3744
3738 3748
3742 3752
3746 3756
3750 3760
3754 3764
3758 3768
3762 3772
3766 3776
3770 3780
3774 3784
3778 3788
3782 3792
3786 3796
3790 3800
3794 3804
3798 3808
3802 3812
3806 3816
3810 3820
3814 3824
3818 3828
3822 3832
3826 3836
3830 3840
3834 3844
3838 3848
3842 3852
3846 3856
3850 3860
3854 3864
3858 3868
3862 3872
3866 3876
3870 3880
3874 3884
3878 3888
3882 3892
3886 3896
3890 3900
3894 3904
3898 3908
3902 3912
3906 3916
3910 3920
3914 3924
3918 3928
3922 3932
3926 3936
3930 3942
3934 3948
3938 3954
3942 3960
3946 3966
3950 3972
3954 3978
3958 3984
3962 3990
3966 3996
3970 4002
3974 4008
3978 4014
3982 4020
3986 4026
3990 4032
3994 4038
3998 4044
4002 4050
4006 4056
4010 4062
4014 4068
4018 4074
4022 4080
4026 4086
4030 4092
4034 4098
4038 4104
4042 4110
4046 4116
4050 4122
4054 4128
4058 4134
4062 4140
4066 4146
4070 4152
4074 4158
4078 4164
4082 4170
4086 4176
4090 4182
4094 4188
4098 4194
4102 4200
4106 4206
4110 4212
4114 4218
4118 4224
4122 4230
4126 4236
4130 4242
4134 4248
4138 4254
4142 4260
4146 4266
4150 4272
4154 4278
4158 4284
4162 4290
4166 4296
4170 4302
4174 4308
4178 4314
4182 4320
4186 4326
4190 4332
4194 4338
4198 4344
4202 4350
4206 4356
4210 4362
4214 4368
4218 4374
4222 4380
4226 4386
4230 4392
4234 4398
4238 4404
4242 4410
4246 4416
4250 4422
4254 4428
4258 4434
4262 4440
4266 4448
4270 4456
4274 4464
4278 4472
4282 4480
4286 4488
4290 4496
4294 4504
4298 4512
4302 4520
4306 4528
4311 4537
4317 4545
4324 4552
4332 4558
4340 4562
4348 4566
4356 4570
4364 4574
4372 4578
4380 4582
4388 4586
4396 4590
4404 4594
4412 4598
4420 4602
4428 4606
4436 4610
4444 4614
4452 4618
4460 4622
4468 4626
4476 4630
4484 4634
4492 4638
4500 4642
4508 4646
4516 4650
4524 4654
4532 4658
4540 4662
4548 4666
4556 4670
4564 4674
4572 4678
4580 4682
4588 4686
4596 4690
4604 4694
4612 4698
4620 4702
4628 4706
4636 4710
4644 4714
4652 4718
4660 4722
4668 4726
4676 4730
4684 4734
4692 4738
4700 4742
4708 4746
4716 4750
4724 4754
4732 4758
4740 4762
4748 4766
4756 4770
4764 4774
4772 4778
4780 4782
4788 4786
4796 4790
4804 4794
4812 4798
4820 4802
4828 4806
4836 4810
4844 4814
4852 4818
4860 4822
4868 4826
4876 4830
4884 4836
4892 4842
4900 4848
4908 4854
4916 4860
4924 4866
4932 4872
4940 4878
4948 4884
4956 4890
4964 4896
4972 4902
4980 4908
4988 4914
4996 4920
5004 4926
5012 4932
5020 4938
5028 4944
5036 4950
5044 4956
5052 4962
5060 4968
5068 4974
5076 4980
5084 4986
5092 4992
5100 4998
5108 5004
5116 5010
5124 5016
5132 5022
5140 5028
5148 5034
5156 5040
5164 5046
5172 5052
5180 5058
5188 5064
5196 5070
5204 5076
5212 5082
5220 5088
5228 5094
5236 5100
5244 5106
5252 5112
5260 5118
5268 5124
5276 5130
5284 5136
5292 5142
5300 5148
5308 5154
5316 5160
5324 5166
5332 5172
5340 5178
5348 5184
5356 5190
5364 5196
5372 5202
5380 5208
5388 5214
5396 5220
5404 5226
5412 5232
5420 5238
5428 5244
5436 5250
5444 5256
5452 5262
5460 5268
5468 5274
5476 5280
5484 5286
5492 5292
5500 5298
5508 5304
5516 5310
5524 5316
5532 5322
5540 5328
5548 5336
5556 5344
5564 5352
5572 5360
5580 5368
5588 5376
5596 5384
5604 5392
5612 5400
5620 5408
5628 5416
5636 5424
5644 5432
5652 5440
5660 5448
5668 5456
5676 5464
5684 5472
5692 5480
5700 5488
5708 5496
5716 5504
5724 5512
5732 5520
5740 5528
5748 5536
5756 5544
5764 5552
5772 5560
5780 5568
5788 5576
5796 5584
5804 5592
5812 5600
5820 5608
5828 5616
5836 5624
5844 5632
5852 5640
5860 5648
5868 5656
5876 5664
5884 5672
5892 5680
5900 5688
5908 5696
5916 5704
5924 5712
5932 5720
5940 5728
5948 5736
5956 5744
5964 5752
5972 5760
5980 5768
5988 5776
5996 5784
6004 5792
6012 5800
6020 5808
6028 5816
6036 5824
6044 5832
6052 5840
6060 5848
6068 5856
6076 5864
6084 5872
6092 5880
6100 5888
6108 5896
6116 5904
6124 5912
6132 5920
6140 5928
6148 5936
6156 5944
6164 5952
6172 5960
6180 5968
6188 5976
6196 5984
6204 5992
6212 6000
6220 6010
6228 6020
6236 6030
6244 6040
6252 6050
6260 6060
6268 6070
6276 6080
6284 6090
6292 6100
6300 6110
6308 6120
6316 6130
6324 6140
6332 6150
6340 6160
6348 6170
6356 6180
6364 6190
6372 6200
6380 6210
6388 6220
6396 6230
6404 6240
6412 6250
6420 6260
6428 6270
6436 6280
6444 6290
6452 6300
6460 6310
6468 6320
6476 6330
6484 6340
6492 6350
6500 6360
6508 6370
6516 6380
6524 6390
6532 6400
6540 6410
6548 6420
6556 6430
6564 6440
6572 6450
6580 6460
6588 6470
6596 6480
6604 6490
6612 6500
6620 6510
6628 6520
6636 6530
6644 6540
3200 2990
3200 2990
3200 2990
3200 2990
3200 2990
3200 2990
3200 2990
3200 2990
3200 2990
3200 2990
3200 2990
3200 2990
3200 2990
3200 2990
3200 2990
3200 2990
3200 2990
3200 2990
3200 2990
3200 2990
3200 2990
3200 2990
3200 2990
3200 2990
3200 2990
3200 2990
3200 2990
3200 2990
3200 2990
3200 2990
3200 2990
3200 2990
3200 2990
3200 2990
3200 2990
3200 2990
3200 2990
3200 2990
3200 2990
3200 2990
3200 2990
3200 2990
3200 2990
3200 2990
3200 2990
3200 2990
3200 2990
3200 2990
3200 2990
3200 2990
3200 2990
3200 2990
3200 2992
3200 2994
3200 2996
3200 2998
3200 3000
3200 3002
3200 3004
3200 3006
3200 3008
3200 3010
3200 3012
3200 3014
3200 3016
3200 3018
3200 3020
3200 3022
3200 3024
3200 3026
3200 3028
3200 3030
3200 3032
3200 3034
3200 3036
3200 3038
3200 3040
3200 3042
3200 3044
3200 3046
3200 3048
3200 3050
3200 3052
3200 3054
3200 3056
3200 3058
3200 3060
3200 3062
3200 3064
3200 3066
3200 3068
3200 3070
3200 3072
3200 3074
3200 3076
3200 3078
3200 3080
3200 3082
3200 3084
3200 3086
3200 3088
3200 3090
3200 3092
3200 3094
3200 3096
3200 3098
3200 3100
3200 3102
3200 3104
3200 3106
3200 3108
3200 3110
3200 3112
3200 3114
3200 3116
3200 3118
3200 3120
3200 3122
3200 3124
3200 3126
3200 3128
3200 3130
3200 3132
3200 3134
3200 3136
3200 3138
3200 3140
3200 3142
3200 3144
3200 3146
3200 3148
3200 3150
3200 3152
3200 3154
3200 3156
3200 3160
3200 3164
3200 3168
3200 3172
3200 3176
3200 3180
3200 3184
3200 3188
3200 3192
3200 3196
3200 3200
3200 3204
3200 3208
3200 3212
3200 3216
3200 3220
3200 3224
3200 3228
3200 3232
3200 3236
3200 3240
3200 3244
3200 3248
3200 3252
3200 3256
3200 3260
3200 3264
3200 3268
3200 3272
3200 3276
3200 3280
3200 3284
3200 3288
3200 3292
3200 3296
3200 3300
3200 3304
3200 3308
3200 3312
3200 3316
3200 3320
3200 3324
3200 3328
3200 3332
3200 3336
3200 3340
3200 3344
3200 3348
3200 3352
3200 3356
3200 3360
3200 3364
3200 3368
3200 3372
3200 3376
3200 3380
3200 3384
3200 3388
3200 3392
3200 3396
3200 3400
3200 3404
3200 3408
3200 3412
3200 3416
3200 3420
3200 3424
3201 3429
3203 3433
3206 3436
3210 3438
3214 3438
3218 3438
3222 3438
3226 3438
3230 3438
3234 3438
3238 3438
3242 3438
3246 3438
3250 3438
3254 3438
3258 3438
3262 3438
3266 3440
3270 3442
3274 3444
3278 3446
3282 3448
3286 3450
3290 3452
3294 3454
3298 3456
3302 3458
3306 3460
3310 3462
3314 3464
3318 3466
3322 3468
3326 3470
3330 3472
3334 3474
3338 3476
3342 3478
3346 3480
3350 3482
3354 3484
3358 3486
3362 3488
3366 3490
3370 3492
3374 3494
3378 3496
3382 3498
3386 3500
3390 3502
3394 3504
3398 3506
3402 3508
3406 3510
3410 3512
3414 3514
3418 3516
3422 3518
3426 3520
3430 3522
3434 3524
3438 3526
3442 3528
3446 3530
3450 3532
3454 3534
3458 3536
3462 3538
3466 3540
3470 3542
3474 3544
3478 3546
3482 3548
3486 3550
3490 3552
3494 3554
3498 3556
3502 3558
3506 3560
3510 3562
3514 3564
3518 3566
3522 3568
3526 3570
3530 3572
3534 3574
3538 3576
3542 3578
3546 3580
3550 3582
3554 3584
3558 3586
3562 3588
3566 3590
3570 3592
3574 3594
3578 3596
3582 3598
3586 3600
3590 3602
3594 3604
3598 3608
3602 3612
3606 3616
3610 3620
3614 3624
3618 3628
3622 3632
3626 3636
3630 3640
3634 3644
3638 3648
3642 3652
3646 3656
3650 3660
3654 3664
3658 3668
3662 3672
3666 3676
3670 3680
3674 3684
3678 3688
3682 3692
3686 3696
3690 3700
3694 3704
3698 3708
3702 3712
3706 3716
3710 3720
3714 3724
3718 3728
3722 3732
3726 3736
3730 3740
3734 3744
3738 3748
3742 3752
3746 3756
3750 3760
3754 3764
3758 3768
3762 3772
3766 3776
3770 3780
3774 3784
3778 3788
3782 3792
3786 3796
3790 3800
3794 3804
3798 3808
3802 3812
3806 3816
3810 3820
3814 3824
3818 3828
3822 3832
3826 3836
3830 3840
3834 3844
3838 3848
3842 3852
3846 3856
3850 3860
3854 3864
3858 3868
3862 3872
3866 3876
3870 3880
3874 3884
3878 3888
3882 3892
3886 3896
3890 3900
3894 3904
3898 3908
3902 3912
3906 3916
3910 3920
3914 3924
3918 3928
3922 3932
3926 3936
3930 3942
3934 3948
3938 3954
3942 3960
3946 3966
3950 3972
3954 3978
3958 3984
3962 3990
3966 3996
3970 4002
3974 4008
3978 4014
3982 4020
3986 4026
3990 4032
3994 4038
3998 4044
4002 4050
4006 4056
4010 4062
4014 4068
4018 4074
4022 4080
4026 4086
4030 4092
4034 4098
4038 4104
4042 4110
4046 4116
4050 4122
4054 4128
4058 4134
4062 4140
4066 4146
4070 4152
4074 4158
4078 4164
4082 4170
4086 4176
4090 4182
4094 4188
4098 4194
4102 4200
4106 4206
4110 4212
4114 4218
4118 4224
4122 4230
4126 4236
4130 4242
4134 4248
4138 4254
4142 4260
4146 4266
4150 4272
4154 4278
4158 4284
4162 4290
4166 4296
4170 4302
4174 4308
4178 4314
4182 4320
4186 4326
4190 4332
4194 4338
4198 4344
4202 4350
4206 4356
4210 4362
4214 4368
4218 4374
4222 4380
4226 4386
4230 4392
4234 4398
4238 4404
4242 4410
4246 4416
4250 4422
4254 4428
4258 4434
4262 4440
4266 4448
4270 4456
4274 4464
4278 4472
4282 4480
4286 4488
4290 4496
4294 4504
4298 4512
4302 4520
4306 4528
4311 4537
4317 4545
4324 4552
4332 4558
4340 4562
4348 4566
4356 4570
4364 4574
4372 4578
4380 4582
4388 4586
4396 4590
4404 4594
4412 4598
4420 4602
4428 4606
4436 4610
4444 4614
4452 4618
4460 4622
4468 4626
4476 4630
4484 4634
4492 4638
4500 4642
4508 4646
4516 4650
4524 4654
4532 4658
4540 4662
4548 4666
4556 4670
4564 4674
4572 4678
4580 4682
4588 4686
4596 4690
4604 4694
4612 4698
4620 4702
4628 4706
4636 4710
4644 4714
4652 4718
4660 4722
4668 4726
4676 4730
4684 4734
4692 4738
4700 4742
4708 4746
4716 4750
4724 4754
4732 4758
4740 4762
4748 4766
4756 4770
4764 4774
4772 4778
4780 4782
4788 4786
4796 4790
4804 4794
4812 4798
4820 4802
4828 4806
4836 4810
4844 4814
4852 4818
4860 4822
4868 4826
4876 4830
4884 4836
4892 4842
3200 2990
3200 2990
3200 2990
3200 2990
3200 2990
3200 2990
3200 2990
3200 2990
3200 2990
3200 2990
3200 2990
3200 2990
3200 2990
3200 2990
3200 2990
3200 2990
3200 2990
3200 2990
3200 2990
3200 2990
3200 2990
3200 2990
3200 2990
3200 2990
3200 2990
3200 2990
3200 2990
3200 2990
3200 2990
3200 2990
3200 2990
3200 2990
3200 2990
3200 2990
3200 2990
3200 2990
3200 2990
3200 2990
3200 2990
3200 2990
3200 2990
3200 2990
3200 2990
3200 2990
3200 2990
3200 2990
3200 2990
3200 2990
3200 2990
3200 2990
3200 2990
3200 2990
3200 2990
3200 2990
3200 2990
3200 2990
3200 2990
3200 2990
3200 2990
3200 2990
3200 2990
3200 2990
3200 2990
3200 2990
3200 2990
3200 2990
3200 2990
3200 2990
3200 2990
3200 2990
3200 2990
3200 2990
3200 2990
3200 2990
3200 2990
3200 2990
3200 2990
3200 2990
3200 2990
3200 2990
3200 2990
3200 2990
3200 2990
3200 2990
3200 2990
3200 2990
3200 2990
3200 2990
3200 2990
3200 2990
3200 2990
3200 2990
3200 2990
3200 2990
3200 2990
3200 2990
3200 2990
3200 2990
3200 2990
3200 2990
3200 2990
3200 2990
3200 2990
3200 2990
3200 2990
3200 2990
3200 2990
3200 2990
3200 2990
3200 2990
3200 2990
3200 2990
3200 2990
3200 2990
3200 2990
3200 2990
3200 2990
3200 2990
3200 2990
3200 2990
3200 2990
3200 2990
3200 2990
3200 2990
3200 2990
3200 2990
3200 2990
3200 2990
3200 2990
3200 2990
3200 2990
3200 2990
3200 2990
3200 2990
3200 2990
3200 2990
3200 2990
3200 2990
3200 2990
3200 2990
3200 2990
3200 2990
3200 2990
3200 2990
3200 2990
3200 2990
3200 2990
3200 2990
3200 2990
3200 2990
3200 2990
3200 2990
3200 2990
3200 2994
3200 2998
3200 3002
3200 3006
3200 3010
3200 3014
3200 3018
3200 3022
3200 3026
3200 3030
3200 3034
3200 3038
3200 3042
3200 3046
3200 3050
3200 3054
3200 3058
3200 3062
3200 3066
3200 3070
3200 3074
3200 3078
3200 3082
3200 3086
3200 3090
3200 3094
3200 3098
3200 3102
3200 3106
3200 3110
3200 3114
3200 3118
3200 3122
3200 3126
3200 3130
3200 3134
3200 3138
3200 3142
3200 3146
3200 3150
3200 3154
3200 3158
3200 3162
3200 3166
3200 3170
3200 3174
3200 3178
3200 3182
3200 3186
3200 3190
3200 3194
3200 3198
3200 3202
3200 3206
3200 3210
3200 3214
3200 3218
3200 3222
